(0, 0)((0, 0), (0, 0)) : 0.026370091398439075
(0, 0)((0, 0), (0, 1)) : 0.04561958529315009
(0, 0)((0, 0), (1, 0)) : 0.006759073957609769
(0, 0)((0, 0), (1, 1)) : 0.0039713632469531735
(0, 0)((0, 1), (0, 0)) : 0.02637009139843076
(0, 0)((0, 1), (0, 1)) : 0.04561958529317377
(0, 0)((0, 1), (1, 0)) : 0.006759073957610964
(0, 0)((0, 1), (1, 1)) : 0.0039713632469534224
(0, 0)((1, 0), (0, 0)) : 0.026370091398429833
(0, 0)((1, 0), (0, 1)) : 0.04561958529317292
(0, 0)((1, 0), (1, 0)) : 0.0067590739576110365
(0, 0)((1, 0), (1, 1)) : 0.003971363246953348
(0, 0)((1, 1), (0, 0)) : 0.026370091398429732
(0, 0)((1, 1), (0, 1)) : 0.04561958529317296
(0, 0)((1, 1), (1, 0)) : 0.0067590739576109385
(0, 0)((1, 1), (1, 1)) : 0.003971363246953341
(0, 1)((0, 0), (0, 0)) : 0.02604606463470134
(0, 1)((0, 0), (0, 1)) : 0.012244935789719332
(0, 1)((0, 0), (1, 0)) : 0.01268947395326888
(0, 1)((0, 0), (1, 1)) : 0.009290878005807605
(0, 1)((0, 1), (0, 0)) : 0.010489529730184015
(0, 1)((0, 1), (0, 1)) : 0.009041066249455118
(0, 1)((0, 1), (1, 0)) : 0.0062084975923746245
(0, 1)((0, 1), (1, 1)) : 0.020242697555520224
(0, 1)((1, 0), (0, 0)) : 0.015371491041096428
(0, 1)((1, 0), (0, 1)) : 0.0062084975923750955
(0, 1)((1, 0), (1, 0)) : 0.009041066249459745
(0, 1)((1, 0), (1, 1)) : 0.012132421223482645
(0, 1)((1, 1), (0, 0)) : 0.005412011789214845
(0, 1)((1, 1), (0, 1)) : 0.007468427980459955
(0, 1)((1, 1), (1, 0)) : 0.002510066694583789
(0, 1)((1, 1), (1, 1)) : 0.004722418333633118
(1, 0)((0, 0), (0, 0)) : 0.026046064634701882
(1, 0)((0, 0), (0, 1)) : 0.01537149104109307
(1, 0)((0, 0), (1, 0)) : 0.010489529730184514
(1, 0)((0, 0), (1, 1)) : 0.005412011789214815
(1, 0)((0, 1), (0, 0)) : 0.012689473953266214
(1, 0)((0, 1), (0, 1)) : 0.009041066249455465
(1, 0)((0, 1), (1, 0)) : 0.0062084975923753305
(1, 0)((0, 1), (1, 1)) : 0.0025100666945815525
(1, 0)((1, 0), (0, 0)) : 0.012244935789719132
(1, 0)((1, 0), (0, 1)) : 0.00620849759237452
(1, 0)((1, 0), (1, 0)) : 0.009041066249460024
(1, 0)((1, 0), (1, 1)) : 0.007468427980462853
(1, 0)((1, 1), (0, 0)) : 0.009290878005808053
(1, 0)((1, 1), (0, 1)) : 0.01213242122348205
(1, 0)((1, 1), (1, 0)) : 0.020242697555530688
(1, 0)((1, 1), (1, 1)) : 0.004722418333633069
(1, 1)((0, 0), (0, 0)) : 0.026370091398426766
(1, 1)((0, 0), (0, 1)) : 0.02637009139842675
(1, 1)((0, 0), (1, 0)) : 0.026370091398426766
(1, 1)((0, 0), (1, 1)) : 0.026370091398426387
(1, 1)((0, 1), (0, 0)) : 0.006759073957610373
(1, 1)((0, 1), (0, 1)) : 0.006759073957610372
(1, 1)((0, 1), (1, 0)) : 0.006759073957610359
(1, 1)((0, 1), (1, 1)) : 0.006759073957610071
(1, 1)((1, 0), (0, 0)) : 0.0456195852931741
(1, 1)((1, 0), (0, 1)) : 0.04561958529317407
(1, 1)((1, 0), (1, 0)) : 0.04561958529317407
(1, 1)((1, 0), (1, 1)) : 0.045619585293174045
(1, 1)((1, 1), (0, 0)) : 0.003971363246955172
(1, 1)((1, 1), (0, 1)) : 0.003971363246955163
(1, 1)((1, 1), (1, 0)) : 0.003971363246955191
(1, 1)((1, 1), (1, 1)) : 0.0039713632469551945