[0 0][(0, 0) (0, 0)] : 0.013405586295528403
[0 0][(0, 0) (0, 1)] : 0.06048448895841892
[0 0][(0, 0) (1, 0)] : 0.004847314866733025
[0 0][(0, 0) (1, 1)] : 0.008807471377012559
[0 0][(0, 1) (0, 0)] : 0.013405586295524873
[0 0][(0, 1) (0, 1)] : 0.06048448895841869
[0 0][(0, 1) (1, 0)] : 0.004847314866735654
[0 0][(0, 1) (1, 1)] : 0.008807471377012141
[0 0][(1, 0) (0, 0)] : 0.013405586295524977
[0 0][(1, 0) (0, 1)] : 0.06048448895841725
[0 0][(1, 0) (1, 0)] : 0.004847314866735578
[0 0][(1, 0) (1, 1)] : 0.008807471377012143
[0 0][(1, 1) (0, 0)] : 0.013405586295525013
[0 0][(1, 1) (0, 1)] : 0.06048448895841725
[0 0][(1, 1) (1, 0)] : 0.004847314866735672
[0 0][(1, 1) (1, 1)] : 0.0088074713770118
[0 1][(0, 0) (0, 0)] : 0.011752481145693234
[0 1][(0, 0) (0, 1)] : 0.006751322528390813
[0 1][(0, 0) (1, 0)] : 0.007109921783352358
[0 1][(0, 0) (1, 1)] : 0.006459289983489082
[0 1][(0, 1) (0, 0)] : 0.007003995712600429
[0 1][(0, 1) (0, 1)] : 0.007719223153442365
[0 1][(0, 1) (1, 0)] : 0.005850056032033898
[0 1][(0, 1) (1, 1)] : 0.025312872280346742
[0 1][(1, 0) (0, 0)] : 0.010676339260914582
[0 1][(1, 0) (0, 1)] : 0.005850056032033364
[0 1][(1, 0) (1, 0)] : 0.0077192231534436734
[0 1][(1, 0) (1, 1)] : 0.013172149644816247
[0 1][(1, 1) (0, 0)] : 0.006325197251905538
[0 1][(1, 1) (0, 1)] : 0.012388565992841934
[0 1][(1, 1) (1, 0)] : 0.00408743511465946
[0 1][(1, 1) (1, 1)] : 0.011642424939263334
[1 0][(0, 0) (0, 0)] : 0.01175248114569346
[1 0][(0, 0) (0, 1)] : 0.01067633926091405
[1 0][(0, 0) (1, 0)] : 0.007003995712601761
[1 0][(0, 0) (1, 1)] : 0.006325197251906304
[1 0][(0, 1) (0, 0)] : 0.0071099217833512285
[1 0][(0, 1) (0, 1)] : 0.007719223153442205
[1 0][(0, 1) (1, 0)] : 0.0058500560320338246
[1 0][(0, 1) (1, 1)] : 0.004087435114658202
[1 0][(1, 0) (0, 0)] : 0.006751322528392711
[1 0][(1, 0) (0, 1)] : 0.005850056032034187
[1 0][(1, 0) (1, 0)] : 0.007719223153444358
[1 0][(1, 0) (1, 1)] : 0.012388565992842932
[1 0][(1, 1) (0, 0)] : 0.006459289983489393
[1 0][(1, 1) (0, 1)] : 0.013172149644816881
[1 0][(1, 1) (1, 0)] : 0.025312872280381458
[1 0][(1, 1) (1, 1)] : 0.011642424939264002
[1 1][(0, 0) (0, 0)] : 0.013405586295525742
[1 1][(0, 0) (0, 1)] : 0.013405586295525736
[1 1][(0, 0) (1, 0)] : 0.01340558629552557
[1 1][(0, 0) (1, 1)] : 0.013405586295525861
[1 1][(0, 1) (0, 0)] : 0.004847314866737117
[1 1][(0, 1) (0, 1)] : 0.004847314866737156
[1 1][(0, 1) (1, 0)] : 0.0048473148667370755
[1 1][(0, 1) (1, 1)] : 0.004847314866737105
[1 1][(1, 0) (0, 0)] : 0.060484488958411825
[1 1][(1, 0) (0, 1)] : 0.06048448895840963
[1 1][(1, 0) (1, 0)] : 0.06048448895841201
[1 1][(1, 0) (1, 1)] : 0.06048448895841166
[1 1][(1, 1) (0, 0)] : 0.008807471377011284
[1 1][(1, 1) (0, 1)] : 0.008807471377011284
[1 1][(1, 1) (1, 0)] : 0.008807471377011489
[1 1][(1, 1) (1, 1)] : 0.0088074713770115