[0 0][(0, 0) (0, 0)] : 0.013278012806614777
[0 0][(0, 0) (0, 1)] : 0.0598716521258973
[0 0][(0, 0) (1, 0)] : 0.004783298621867175
[0 0][(0, 0) (1, 1)] : 0.008742543658231287
[0 0][(0, 1) (0, 0)] : 0.013278012806615103
[0 0][(0, 1) (0, 1)] : 0.05987165212588306
[0 0][(0, 1) (1, 0)] : 0.004783298621868569
[0 0][(0, 1) (1, 1)] : 0.008742543658232323
[0 0][(1, 0) (0, 0)] : 0.013278012806614782
[0 0][(1, 0) (0, 1)] : 0.05987165212588306
[0 0][(1, 0) (1, 0)] : 0.004783298621868569
[0 0][(1, 0) (1, 1)] : 0.008742543658232535
[0 0][(1, 1) (0, 0)] : 0.013278012806614788
[0 0][(1, 1) (0, 1)] : 0.05987165212588139
[0 0][(1, 1) (1, 0)] : 0.004783298621868585
[0 0][(1, 1) (1, 1)] : 0.008742543658232517
[0 1][(0, 0) (0, 0)] : 0.011619875842724559
[0 1][(0, 0) (0, 1)] : 0.006722259564923068
[0 1][(0, 0) (1, 0)] : 0.006997135621818613
[0 1][(0, 0) (1, 1)] : 0.00640551317405584
[0 1][(0, 1) (0, 0)] : 0.006942451206276461
[0 1][(0, 1) (0, 1)] : 0.007625600241301314
[0 1][(0, 1) (1, 0)] : 0.005789566942895505
[0 1][(0, 1) (1, 1)] : 0.026477158802552764
[0 1][(1, 0) (0, 0)] : 0.010783681699753495
[0 1][(1, 0) (0, 1)] : 0.005789566942895288
[0 1][(1, 0) (1, 0)] : 0.007625600241302113
[0 1][(1, 0) (1, 1)] : 0.014749772941946859
[0 1][(1, 1) (0, 0)] : 0.006409003224522638
[0 1][(1, 1) (0, 1)] : 0.013864636129319938
[0 1][(1, 1) (1, 0)] : 0.003963824755103593
[0 1][(1, 1) (1, 1)] : 0.011532323818190885
[1 0][(0, 0) (0, 0)] : 0.011619875842724734
[1 0][(0, 0) (0, 1)] : 0.010783681699755718
[1 0][(0, 0) (1, 0)] : 0.006942451206277251
[1 0][(0, 0) (1, 1)] : 0.006409003224523446
[1 0][(0, 1) (0, 0)] : 0.0069971356218182755
[1 0][(0, 1) (0, 1)] : 0.0076256002413017405
[1 0][(0, 1) (1, 0)] : 0.0057895669428953325
[1 0][(0, 1) (1, 1)] : 0.003963824755103631
[1 0][(1, 0) (0, 0)] : 0.006722259564923948
[1 0][(1, 0) (0, 1)] : 0.005789566942895625
[1 0][(1, 0) (1, 0)] : 0.007625600241302326
[1 0][(1, 0) (1, 1)] : 0.013864636129320857
[1 0][(1, 1) (0, 0)] : 0.006405513174055313
[1 0][(1, 1) (0, 1)] : 0.014749772941945979
[1 0][(1, 1) (1, 0)] : 0.026477158802582713
[1 0][(1, 1) (1, 1)] : 0.011532323818190882
[1 1][(0, 0) (0, 0)] : 0.013278012806616474
[1 1][(0, 0) (0, 1)] : 0.013278012806616437
[1 1][(0, 0) (1, 0)] : 0.013278012806616503
[1 1][(0, 0) (1, 1)] : 0.0132780128066165
[1 1][(0, 1) (0, 0)] : 0.004783298621869299
[1 1][(0, 1) (0, 1)] : 0.004783298621869299
[1 1][(0, 1) (1, 0)] : 0.00478329862186925
[1 1][(0, 1) (1, 1)] : 0.004783298621869299
[1 1][(1, 0) (0, 0)] : 0.059871652125882205
[1 1][(1, 0) (0, 1)] : 0.05987165212588005
[1 1][(1, 0) (1, 0)] : 0.05987165212588005
[1 1][(1, 0) (1, 1)] : 0.059871652125880255
[1 1][(1, 1) (0, 0)] : 0.00874254365823194
[1 1][(1, 1) (0, 1)] : 0.008742543658231936
[1 1][(1, 1) (1, 0)] : 0.008742543658232026
[1 1][(1, 1) (1, 1)] : 0.00874254365823203