[0 0][(0, 0) (0, 0)] : 0.014248545151060398
[0 0][(0, 0) (0, 1)] : 0.06363586778286345
[0 0][(0, 0) (1, 0)] : 0.005196538095748919
[0 0][(0, 0) (1, 1)] : 0.009053381847711348
[0 0][(0, 1) (0, 0)] : 0.014248545151056065
[0 0][(0, 1) (0, 1)] : 0.06363586778286782
[0 0][(0, 1) (1, 0)] : 0.005196538095748582
[0 0][(0, 1) (1, 1)] : 0.009053381847711702
[0 0][(1, 0) (0, 0)] : 0.014248545151055995
[0 0][(1, 0) (0, 1)] : 0.06363586778286816
[0 0][(1, 0) (1, 0)] : 0.005196538095748513
[0 0][(1, 0) (1, 1)] : 0.009053381847711692
[0 0][(1, 1) (0, 0)] : 0.014248545151055995
[0 0][(1, 1) (0, 1)] : 0.06363586778286862
[0 0][(1, 1) (1, 0)] : 0.005196538095748529
[0 0][(1, 1) (1, 1)] : 0.009053381847711692
[0 1][(0, 0) (0, 0)] : 0.012725173237391951
[0 1][(0, 0) (0, 1)] : 0.008210772408391692
[0 1][(0, 0) (1, 0)] : 0.008210772408392249
[0 1][(0, 0) (1, 1)] : 0.006816278950775391
[0 1][(0, 1) (0, 0)] : 0.007698575079554275
[0 1][(0, 1) (0, 1)] : 0.00827895172916607
[0 1][(0, 1) (1, 0)] : 0.006220939158314686
[0 1][(0, 1) (1, 1)] : 0.008388492817948397
[0 1][(1, 0) (0, 0)] : 0.007698575079554741
[0 1][(1, 0) (0, 1)] : 0.006220939158314526
[0 1][(1, 0) (1, 0)] : 0.008278951729168125
[0 1][(1, 0) (1, 1)] : 0.008388492817950299
[0 1][(1, 1) (0, 0)] : 0.0062174405125865265
[0 1][(1, 1) (0, 1)] : 0.007998696175184493
[0 1][(1, 1) (1, 0)] : 0.007998696175185595
[0 1][(1, 1) (1, 1)] : 0.012110921052608779
[1 0][(0, 0) (0, 0)] : 0.012725173237392062
[1 0][(0, 0) (0, 1)] : 0.007698575079554226
[1 0][(0, 0) (1, 0)] : 0.007698575079554672
[1 0][(0, 0) (1, 1)] : 0.006217440512586356
[1 0][(0, 1) (0, 0)] : 0.008210772408391737
[1 0][(0, 1) (0, 1)] : 0.008278951729166074
[1 0][(0, 1) (1, 0)] : 0.006220939158314465
[1 0][(0, 1) (1, 1)] : 0.007998696175184632
[1 0][(1, 0) (0, 0)] : 0.008210772408392868
[1 0][(1, 0) (0, 1)] : 0.006220939158314421
[1 0][(1, 0) (1, 0)] : 0.008278951729168392
[1 0][(1, 0) (1, 1)] : 0.007998696175185645
[1 0][(1, 1) (0, 0)] : 0.006816278950775407
[1 0][(1, 1) (0, 1)] : 0.008388492817948639
[1 0][(1, 1) (1, 0)] : 0.0083884928179498
[1 0][(1, 1) (1, 1)] : 0.012110921052608706
[1 1][(0, 0) (0, 0)] : 0.014248545151055541
[1 1][(0, 0) (0, 1)] : 0.014248545151055392
[1 1][(0, 0) (1, 0)] : 0.014248545151055541
[1 1][(0, 0) (1, 1)] : 0.014248545151055541
[1 1][(0, 1) (0, 0)] : 0.0051965380957473125
[1 1][(0, 1) (0, 1)] : 0.005196538095747315
[1 1][(0, 1) (1, 0)] : 0.00519653809574745
[1 1][(0, 1) (1, 1)] : 0.00519653809574745
[1 1][(1, 0) (0, 0)] : 0.06363586778285653
[1 1][(1, 0) (0, 1)] : 0.06363586778285907
[1 1][(1, 0) (1, 0)] : 0.06363586778285864
[1 1][(1, 0) (1, 1)] : 0.06363586778285653
[1 1][(1, 1) (0, 0)] : 0.009053381847710987
[1 1][(1, 1) (0, 1)] : 0.009053381847711199
[1 1][(1, 1) (1, 0)] : 0.0090533818477112
[1 1][(1, 1) (1, 1)] : 0.009053381847710991