[0 0][(0, 0) (0, 0)] : 0.013661164611546683
[0 0][(0, 0) (0, 1)] : 0.06161099946983598
[0 0][(0, 0) (1, 0)] : 0.00496704736339412
[0 0][(0, 0) (1, 1)] : 0.008917548927447099
[0 0][(0, 1) (0, 0)] : 0.01366116461155086
[0 0][(0, 1) (0, 1)] : 0.06161099946983834
[0 0][(0, 1) (1, 0)] : 0.004967047363394012
[0 0][(0, 1) (1, 1)] : 0.008917548927446834
[0 0][(1, 0) (0, 0)] : 0.01366116461155084
[0 0][(1, 0) (0, 1)] : 0.061610999469837044
[0 0][(1, 0) (1, 0)] : 0.004967047363394074
[0 0][(1, 0) (1, 1)] : 0.008917548927446839
[0 0][(1, 1) (0, 0)] : 0.013661164611550891
[0 0][(1, 1) (0, 1)] : 0.061610999469839674
[0 0][(1, 1) (1, 0)] : 0.0049670473633940445
[0 0][(1, 1) (1, 1)] : 0.008917548927447042
[0 1][(0, 0) (0, 0)] : 0.012030763887143187
[0 1][(0, 0) (0, 1)] : 0.006871892637252168
[0 1][(0, 0) (1, 0)] : 0.0073824062832279986
[0 1][(0, 0) (1, 1)] : 0.006559610179636411
[0 1][(0, 1) (0, 0)] : 0.007152281671536521
[0 1][(0, 1) (0, 1)] : 0.007902645485300796
[0 1][(0, 1) (1, 0)] : 0.005969913307685404
[0 1][(0, 1) (1, 1)] : 0.021490521564348684
[0 1][(1, 0) (0, 0)] : 0.010250507201982414
[0 1][(1, 0) (0, 1)] : 0.005969913307684953
[0 1][(1, 0) (1, 0)] : 0.007902645485298615
[0 1][(1, 0) (1, 1)] : 0.010946191115156876
[0 1][(1, 1) (0, 0)] : 0.006216959084633752
[0 1][(1, 1) (0, 1)] : 0.01035955179061077
[0 1][(1, 1) (1, 0)] : 0.004536233338498706
[0 1][(1, 1) (1, 1)] : 0.011830922171053858
[1 0][(0, 0) (0, 0)] : 0.012030763887143187
[1 0][(0, 0) (0, 1)] : 0.01025050720198383
[1 0][(0, 0) (1, 0)] : 0.0071522816715357835
[1 0][(0, 0) (1, 1)] : 0.006216959084633836
[1 0][(0, 1) (0, 0)] : 0.007382406283228403
[1 0][(0, 1) (0, 1)] : 0.007902645485301087
[1 0][(0, 1) (1, 0)] : 0.005969913307684666
[1 0][(0, 1) (1, 1)] : 0.004536233338499409
[1 0][(1, 0) (0, 0)] : 0.0068718926372523135
[1 0][(1, 0) (0, 1)] : 0.005969913307685672
[1 0][(1, 0) (1, 0)] : 0.007902645485298654
[1 0][(1, 0) (1, 1)] : 0.010359551790609134
[1 0][(1, 1) (0, 0)] : 0.006559610179635396
[1 0][(1, 1) (0, 1)] : 0.010946191115162058
[1 0][(1, 1) (1, 0)] : 0.0214905215643728
[1 0][(1, 1) (1, 1)] : 0.011830922171053858
[1 1][(0, 0) (0, 0)] : 0.013661164611553353
[1 1][(0, 0) (0, 1)] : 0.013661164611553568
[1 1][(0, 0) (1, 0)] : 0.013661164611553353
[1 1][(0, 0) (1, 1)] : 0.01366116461155296
[1 1][(0, 1) (0, 0)] : 0.00496704736339488
[1 1][(0, 1) (0, 1)] : 0.0049670473633949205
[1 1][(0, 1) (1, 0)] : 0.004967047363394928
[1 1][(0, 1) (1, 1)] : 0.004967047363394928
[1 1][(1, 0) (0, 0)] : 0.0616109994698427
[1 1][(1, 0) (0, 1)] : 0.06161099946984272
[1 1][(1, 0) (1, 0)] : 0.06161099946984442
[1 1][(1, 0) (1, 1)] : 0.06161099946984245
[1 1][(1, 1) (0, 0)] : 0.008917548927447262
[1 1][(1, 1) (0, 1)] : 0.008917548927447201
[1 1][(1, 1) (1, 0)] : 0.008917548927447201
[1 1][(1, 1) (1, 1)] : 0.008917548927447453