[0 0][(0, 0) (0, 0)] : 0.013194421873321746
[0 0][(0, 0) (0, 1)] : 0.059455269761775224
[0 0][(0, 0) (1, 0)] : 0.004740392476938564
[0 0][(0, 0) (1, 1)] : 0.008697176419710195
[0 0][(0, 1) (0, 0)] : 0.013194421873321318
[0 0][(0, 1) (0, 1)] : 0.059455269761777264
[0 0][(0, 1) (1, 0)] : 0.004740392476940078
[0 0][(0, 1) (1, 1)] : 0.008697176419710557
[0 0][(1, 0) (0, 0)] : 0.013194421873320818
[0 0][(1, 0) (0, 1)] : 0.05945526976177735
[0 0][(1, 0) (1, 0)] : 0.004740392476940024
[0 0][(1, 0) (1, 1)] : 0.008697176419710557
[0 0][(1, 1) (0, 0)] : 0.013194421873320707
[0 0][(1, 1) (0, 1)] : 0.05945526976177826
[0 0][(1, 1) (1, 0)] : 0.004740392476940203
[0 0][(1, 1) (1, 1)] : 0.00869717641971057
[0 1][(0, 0) (0, 0)] : 0.01153484749045288
[0 1][(0, 0) (0, 1)] : 0.00670713641321149
[0 1][(0, 0) (1, 0)] : 0.006934583855864651
[0 1][(0, 0) (1, 1)] : 0.006369267416124902
[0 1][(0, 1) (0, 0)] : 0.0069108793846012215
[0 1][(0, 1) (0, 1)] : 0.007563692145387006
[0 1][(0, 1) (1, 0)] : 0.005749488019757528
[0 1][(0, 1) (1, 1)] : 0.02697390332262547
[0 1][(1, 0) (0, 0)] : 0.010866931858633626
[0 1][(1, 0) (0, 1)] : 0.0057494880197577316
[0 1][(1, 0) (1, 0)] : 0.007563692145385798
[0 1][(1, 0) (1, 1)] : 0.015935526237733574
[0 1][(1, 1) (0, 0)] : 0.0064714413185613506
[0 1][(1, 1) (0, 1)] : 0.014981803536607677
[0 1][(1, 1) (1, 0)] : 0.0038833250495805536
[0 1][(1, 1) (1, 1)] : 0.011454951658702712
[1 0][(0, 0) (0, 0)] : 0.011534847490452515
[1 0][(0, 0) (0, 1)] : 0.010866931858634118
[1 0][(0, 0) (1, 0)] : 0.006910879384600998
[1 0][(0, 0) (1, 1)] : 0.0064714413185616585
[1 0][(0, 1) (0, 0)] : 0.006934583855865136
[1 0][(0, 1) (0, 1)] : 0.007563692145386716
[1 0][(0, 1) (1, 0)] : 0.005749488019757178
[1 0][(0, 1) (1, 1)] : 0.0038833250495807054
[1 0][(1, 0) (0, 0)] : 0.00670713641321133
[1 0][(1, 0) (0, 1)] : 0.00574948801975761
[1 0][(1, 0) (1, 0)] : 0.007563692145385415
[1 0][(1, 0) (1, 1)] : 0.014981803536607358
[1 0][(1, 1) (0, 0)] : 0.006369267416124234
[1 0][(1, 1) (0, 1)] : 0.01593552623773574
[1 0][(1, 1) (1, 0)] : 0.026973903322629746
[1 0][(1, 1) (1, 1)] : 0.011454951658703163
[1 1][(0, 0) (0, 0)] : 0.013194421873321503
[1 1][(0, 0) (0, 1)] : 0.013194421873321746
[1 1][(0, 0) (1, 0)] : 0.013194421873321645
[1 1][(0, 0) (1, 1)] : 0.013194421873321498
[1 1][(0, 1) (0, 0)] : 0.0047403924769408735
[1 1][(0, 1) (0, 1)] : 0.004740392476940926
[1 1][(0, 1) (1, 0)] : 0.0047403924769411545
[1 1][(0, 1) (1, 1)] : 0.004740392476941152
[1 1][(1, 0) (0, 0)] : 0.0594552697617838
[1 1][(1, 0) (0, 1)] : 0.0594552697617838
[1 1][(1, 0) (1, 0)] : 0.05945526976178208
[1 1][(1, 0) (1, 1)] : 0.05945526976178378
[1 1][(1, 1) (0, 0)] : 0.008697176419710193
[1 1][(1, 1) (0, 1)] : 0.008697176419710193
[1 1][(1, 1) (1, 0)] : 0.008697176419710195
[1 1][(1, 1) (1, 1)] : 0.008697176419710195