[[["R", "L"], ["D", "D"]], [0.0034674419946600353, 0.0034674419946600353, 0.0034674419946600353, 0.0034674419946600353, 0.0034674419946600353, 0.005852871758614915, 0.0023926762662419138, 0.006666666666666667, 0.006666666666666667, 0.002351558407209263, 0.006665988056979343, 0.0034674419946600353, 0.006666666666666667, 0.006666666666666667, 0.0, 0.006666666666666667]]
[[["R", "R"], ["D", "D"]], [0.0034674419946600353, 0.0034674419946600353, 0.0034674419946600353, 0.0034674419946600353, 0.0034674419946600353, 0.006665928390163709, 0.001966909404145971, 0.006666666666666667, 0.006666666666666667, 0.002725897979320649, 0.0058983579126334505, 0.0034674419946600353, 0.006666666666666667, 0.006666666666666667, 0.006666666666666667, 0.0]]
[[["L", "L"], ["D", "C"]], [0.0034674419946600353, 0.0034674419946600353, 0.0034674419946600353, 0.0034674419946600353, 0.0034674419946600353, 0.005734754162723292, 0.003187220962445471, 0.006666666666666667, 0.0, 0.0020960469521738353, 0.006469868173898172, 0.0034674419946600353, 0.006666666666666667, 0.006666666666666667, 0.006666666666666667, 0.006666666666666667]]
[[["R", "R"], ["C", "D"]], [0.0034674419946600353, 0.0034674419946600353, 0.0034674419946600353, 0.0034674419946600353, 0.0034674419946600353, 0.006477420111432375, 0.002202833461856046, 0.0, 0.006666666666666667, 0.00293374723669013, 0.0057910003419919765, 0.0034674419946600353, 0.006666666666666667, 0.006666666666666667, 0.006666666666666667, 0.006666666666666667]]
[[["R", "R"], ["D", "C"]], [0.006666666666666667, 0.006666666666666667, 0.006666666666666667, 0.006666666666666667, 0.006666666666666667, 0.005802614089058767, 0.003133841818543136, 0.003467441994660038, 0.003467441994660038, 0.002432018736571426, 0.006494043318330536, 0.0, 0.003467441994660038, 0.003467441994660038, 0.003467441994660038, 0.003467441994660038]]
[[["L", "L"], ["C", "C"]], [0.0, 0.006666666666666667, 0.006666666666666667, 0.006666666666666667, 0.006666666666666667, 0.006665906041972244, 0.0021267704349920897, 0.003467441994660038, 0.003467441994660038, 0.002833341860554519, 0.005968694883675613, 0.006666666666666667, 0.003467441994660038, 0.003467441994660038, 0.003467441994660038, 0.003467441994660038]]
[[["L", "L"], ["D", "D"]], [0.0034674419946600353, 0.0034674419946600353, 0.0034674419946600353, 0.0034674419946600353, 0.0034674419946600353, 0.005944799638931493, 0.0027570942260565163, 0.006666666666666667, 0.006666666666666667, 0.0020612670414932787, 0.0066658612997438655, 0.0034674419946600353, 0.0, 0.006666666666666667, 0.006666666666666667, 0.006666666666666667]]
[[["L", "R"], ["D", "D"]], [0.0034674419946600353, 0.0034674419946600353, 0.0034674419946600353, 0.0034674419946600353, 0.0034674419946600353, 0.006665943309895524, 0.002297180633258904, 0.006666666666666667, 0.006666666666666667, 0.002366591237426883, 0.00582385054128565, 0.0034674419946600353, 0.006666666666666667, 0.0, 0.006666666666666667, 0.006666666666666667]]
[[["L", "L"], ["C", "D"]], [0.006666666666666667, 0.006666666666666667, 0.006666666666666667, 0.006666666666666667, 0.0, 0.0065051380593294655, 0.0023231700635748483, 0.003467441994660038, 0.003467441994660038, 0.003036886410307031, 0.005809377542854525, 0.006666666666666667, 0.003467441994660038, 0.003467441994660038, 0.003467441994660038, 0.003467441994660038]]
[[["R", "R"], ["C", "C"]], [0.006666666666666667, 0.006666666666666667, 0.006666666666666667, 0.0, 0.006666666666666667, 0.006038284389093099, 0.0029360294936593215, 0.003467441994660038, 0.003467441994660038, 0.002100648366580697, 0.0066659806032605675, 0.006666666666666667, 0.003467441994660038, 0.003467441994660038, 0.003467441994660038, 0.003467441994660038]]
[[["R", "L"], ["C", "C"]], [0.006666666666666667, 0.006666666666666667, 0.0, 0.006666666666666667, 0.006666666666666667, 0.00584390445791692, 0.002340180472364129, 0.003467441994660038, 0.003467441994660038, 0.0023530867330966844, 0.00666599551697034, 0.006666666666666667, 0.003467441994660038, 0.003467441994660038, 0.003467441994660038, 0.003467441994660038]]
[[["L", "R"], ["C", "C"]], [0.006666666666666667, 0.0, 0.006666666666666667, 0.006666666666666667, 0.006666666666666667, 0.006666070084014708, 0.0023360677262085744, 0.003467441994660038, 0.003467441994660038, 0.0022053832897237376, 0.005878389328514395, 0.006666666666666667, 0.003467441994660038, 0.003467441994660038, 0.003467441994660038, 0.003467441994660038]]
[[["L", "R"], ["C", "D"]], [0.005668163141738399, 0.005404805716067043, 0.005381253636483031, 0.005457969083530021, 0.00489900484436935, 0.0, 0.00402985630570422, 0.004748054872546617, 0.006245752393877309, 0.00460865603603553, 0.006643567742111516, 0.005684737250341012, 0.0056902243850954085, 0.005696321707911145, 0.005736118784284497, 0.005773104625126304]]
[[["L", "R"], ["D", "C"]], [0.009552857196126285, 0.009222262008444958, 0.008993118400777279, 0.009564980305132274, 0.008632387163923354, 0.00788284783375035, 0.006652403297567192, 0.008852380186563109, 0.0086063949093296, 0.0, 0.007967001269996844, 0.008549628423928238, 0.009373886687852787, 0.009791216335512548, 0.00970604132914734, 0.009298286737072427]]
[[["R", "L"], ["C", "D"]], [0.009290676205993846, 0.009440916529481718, 0.009114767811955138, 0.00916774397290303, 0.008497187552935112, 0.00794331640277624, 0.0, 0.008752751527904022, 0.008990652242721116, 0.006651904976555146, 0.007866507595557936, 0.008749324328012634, 0.009971334274261159, 0.009292890536514753, 0.009175123811849262, 0.009401193769336255]]
[[["R", "L"], ["D", "C"]], [0.00541130926071966, 0.005598647993135817, 0.005503588610585013, 0.005369062411763779, 0.005809270459929133, 0.006639478855782947, 0.004545135135059828, 0.006182581455876717, 0.004836892358673334, 0.00410129370834044, 0.0, 0.005086525681861458, 0.005605653018530294, 0.005463134867955818, 0.0056819553404807484, 0.0057113678927236825]]
