[[["L", "L"], ["C", "C"]], [0.0, 0.006666666666666667, 0.006666666666666667, 0.006666666666666667, 0.006666666666666667, 0.006667427274745889, 0.022601743240082114, 0.025437071371954074, 0.025437071371954074, 0.021241927425575312, 0.008318857168615782, 0.006666666666666667, 0.025437071371954074, 0.025437071371954074, 0.025437071371954074, 0.025437071371954074]]
[[["L", "L"], ["D", "D"]], [0.0005982225798467842, 0.0005982225798467842, 0.0005982225798467842, 0.0005982225798467842, 0.0005982225798467842, 0.004937412760839164, 0.001185916480561723, 0.006666666666666667, 0.006666666666666667, 0.0010421801995255731, 0.006665950768535233, 0.0005982225798467842, 0.0, 0.006666666666666667, 0.006666666666666667, 0.006666666666666667]]
[[["R", "R"], ["D", "D"]], [0.0005982225798467842, 0.0005982225798467842, 0.0005982225798467842, 0.0005982225798467842, 0.0005982225798467842, 0.006665935824992255, 0.001041594284192579, 0.006666666666666667, 0.006666666666666667, 0.0012086234421198924, 0.004826055853551872, 0.0005982225798467842, 0.006666666666666667, 0.006666666666666667, 0.006666666666666667, 0.0]]
[[["R", "R"], ["C", "C"]], [0.006666666666666667, 0.006666666666666667, 0.006666666666666667, 0.0, 0.006666666666666667, 0.008492036297691333, 0.02125123535968191, 0.025437071371954074, 0.025437071371954074, 0.02243441401929855, 0.006667263200941558, 0.006666666666666667, 0.025437071371954074, 0.025437071371954074, 0.025437071371954074, 0.025437071371954074]]
[[["R", "L"], ["D", "D"]], [0.0005982225798467842, 0.0005982225798467842, 0.0005982225798467842, 0.0005982225798467842, 0.0005770756396821556, 0.005208044044598563, 0.0011490399190223473, 0.006637026718929461, 0.006665995509463425, 0.0011066767449652223, 0.0066659507710383455, 0.0005791260141824898, 0.006666666666666667, 0.006666666666666667, 0.0, 0.006666666666666667]]
[[["L", "R"], ["C", "C"]], [0.006666666666666667, 0.0, 0.006666666666666667, 0.006666666666666667, 0.006667442193677914, 0.006667367618457291, 0.022240432256703576, 0.025683850037739157, 0.025729895421537204, 0.021289309490487584, 0.008111978155111894, 0.006697433584923064, 0.025437071371954074, 0.025437071371954074, 0.025437071371954074, 0.025437071371954074]]
[[["L", "R"], ["D", "D"]], [0.0005982225798467842, 0.0005982225798467842, 0.0005982225798467842, 0.0005982225798467842, 0.0005790316470648466, 0.006665861268460215, 0.0011064249207564409, 0.006665965683362653, 0.006636328310904905, 0.0011113090893469296, 0.005182837142190696, 0.0005769404977629687, 0.006666666666666667, 0.0, 0.006666666666666667, 0.006666666666666667]]
[[["R", "R"], ["C", "D"]], [0.0005982225798467842, 0.0005761519038007432, 0.0005761569685680766, 0.0005982225798467842, 0.0005982225798467842, 0.006299796987271578, 0.001081248728690799, 0.0, 0.006666666666666667, 0.0013463398098244692, 0.004470008197759905, 0.0005982225798467842, 0.006666666666666667, 0.006669507987893979, 0.006669657039325492, 0.006666666666666667]]
[[["R", "R"], ["D", "C"]], [0.006666666666666667, 0.006663825603803429, 0.00666320678422209, 0.006666666666666667, 0.006666666666666667, 0.008778762378042782, 0.020431762263887463, 0.025437071371954074, 0.025437071371954074, 0.021596978320939448, 0.00703821413668668, 0.0, 0.025437071371954074, 0.025732793120174208, 0.02573118903590578, 0.025437071371954074]]
[[["L", "L"], ["D", "C"]], [0.0005982225798467842, 0.0005761444995409952, 0.0005761158638796217, 0.0005982225798467842, 0.0005982225798467842, 0.004693112495347156, 0.0013130499788190956, 0.006666666666666667, 0.0, 0.0010445887543808425, 0.0063215038970071856, 0.0005982225798467842, 0.006666666666666667, 0.006669709221948186, 0.006669686807103187, 0.006666666666666667]]
[[["R", "L"], ["C", "C"]], [0.006666666666666667, 0.006666666666666667, 0.0, 0.006666666666666667, 0.00669600371571829, 0.008113409789651155, 0.021353533041773454, 0.025728586066283303, 0.02568557291465278, 0.022239482165575558, 0.0066673005128212995, 0.006667404912739542, 0.025437071371954074, 0.025437071371954074, 0.025437071371954074, 0.025437071371954074]]
[[["L", "L"], ["C", "D"]], [0.006666666666666667, 0.006663833091477035, 0.006663885232976282, 0.006666666666666667, 0.0, 0.0070097128856121335, 0.02150481367241739, 0.025437071371954074, 0.025437071371954074, 0.020358848475414124, 0.008755605037572313, 0.006666666666666667, 0.025437071371954074, 0.02573278217580307, 0.02573234962825383, 0.025437071371954074]]
[[["L", "R"], ["D", "C"]], [0.0013844620709369977, 0.0013532224908509223, 0.0012352318780979403, 0.0013644843181481096, 0.0016079636822455556, 0.006142928890979494, 0.006669309860238026, 0.016073266493878198, 0.015810180005962553, 0.0, 0.005423596231103003, 0.0015334189801409928, 0.016223563085102345, 0.015987491766629815, 0.016487432281788096, 0.016290573003936295]]
[[["R", "L"], ["D", "C"]], [0.0033452019421353735, 0.003597958367393767, 0.0033980758921628553, 0.0037441565120312787, 0.0029077825895540274, 0.006661442740896207, 0.005626431161209695, 0.011958993920619793, 0.009665394881379125, 0.005001728303495545, 0.0, 0.0033289837323169638, 0.009417095244651267, 0.009653242655778856, 0.009982176963358298, 0.01024959761738865]]
[[["R", "L"], ["C", "D"]], [0.0013556226403347792, 0.0014202235810534562, 0.0012765446163754551, 0.001321666705918238, 0.0014899290644564646, 0.006331519622403486, 0.0, 0.015792289698164076, 0.016171953375335384, 0.006663253019523995, 0.0057973614390152165, 0.0014652828200390868, 0.016555366531405633, 0.01627291796332785, 0.016341571016130308, 0.016184089445542203]]
[[["L", "R"], ["C", "D"]], [0.00367562381659046, 0.003369764430965471, 0.0031169464274969968, 0.0033068009505555027, 0.0029124331441797288, 0.0, 0.004518883135505282, 0.009414980673304572, 0.010845112812197119, 0.005739212624255425, 0.006665560885469888, 0.003092771417486755, 0.009499915458031579, 0.009462502991644965, 0.009328553013605984, 0.009109923474608914]]