[[["R", "L"], ["D", "D"]], [0.014703711497619943, 0.014703711497619943, 0.014703711497619943, 0.014703711497619943, 0.014703711497619943, 0.007144753687523013, 0.01057128672388858, 0.006666666666666667, 0.006666666666666667, 0.010318953476712687, 0.006666666666666667, 0.014703711497619943, 0.006666666666666667, 0.006666666666666667, 0.0, 0.006666666666666667]]
[[["L", "L"], ["D", "D"]], [0.014703711497619943, 0.014703711497619943, 0.014703711497619943, 0.014703711497619943, 0.014703711497619943, 0.007442617513334778, 0.011090822674437364, 0.006666666666666667, 0.006666666666666667, 0.009910835768418133, 0.006666666666666667, 0.014703711497619943, 0.0, 0.006666666666666667, 0.006666666666666667, 0.006666666666666667]]
[[["L", "R"], ["D", "D"]], [0.014703711497619943, 0.014703711497619943, 0.014703711497619943, 0.014703711497619943, 0.014703711497619943, 0.006666666666666667, 0.010358629764934495, 0.006666666666666667, 0.006666666666666667, 0.010667593329865367, 0.007309146922042515, 0.014703711497619943, 0.006666666666666667, 0.0, 0.006666666666666667, 0.006666666666666667]]
[[["R", "R"], ["D", "D"]], [0.014703711497619943, 0.014703711497619943, 0.014703711497619943, 0.014703711497619943, 0.014703711497619943, 0.006666666666666667, 0.009871188950925648, 0.006666666666666667, 0.006666666666666667, 0.010975948240975369, 0.007458010115517784, 0.014703711497619943, 0.006666666666666667, 0.006666666666666667, 0.006666666666666667, 0.0]]
[[["L", "L"], ["D", "C"]], [0.014703711497619943, 0.014703711497619943, 0.014703711497619943, 0.014703711497619943, 0.014703711497619943, 0.0075353485793672745, 0.011652586851958401, 0.006666666666666667, 0.0, 0.01081197952939047, 0.006816942321384862, 0.014703711497619943, 0.006666666666666667, 0.006666666666666667, 0.006666666666666667, 0.006666666666666667]]
[[["L", "L"], ["C", "C"]], [0.0, 0.006666666666666667, 0.006666666666666667, 0.006666666666666667, 0.006666666666666667, 0.006665488391957996, 0.00024158195127487597, 0.00034579815014110487, 0.00034579815014110487, 0.00043027371029729093, 0.004464437752542669, 0.006666666666666667, 0.00034579815014110487, 0.00034579815014110487, 0.00034579815014110487, 0.00034579815014110487]]
[[["R", "R"], ["C", "D"]], [0.014703711497619943, 0.014703711497619943, 0.014703711497619943, 0.014703711497619943, 0.014703711497619943, 0.0068214315922138745, 0.010646291415062233, 0.0, 0.006666666666666667, 0.011639237503793547, 0.007694638143973449, 0.014703711497619943, 0.006666666666666667, 0.006666666666666667, 0.006666666666666667, 0.006666666666666667]]
[[["L", "L"], ["C", "D"]], [0.006666666666666667, 0.006666666666666667, 0.006666666666666667, 0.006666666666666667, 0.0, 0.006147535170788873, 0.00026116803843036186, 0.00034579815014110487, 0.00034579815014110487, 0.000577949227777547, 0.004111143638504169, 0.006666666666666667, 0.00034579815014110487, 0.00034579815014110487, 0.00034579815014110487, 0.00034579815014110487]]
[[["L", "R"], ["C", "C"]], [0.006666666666666667, 0.0, 0.006666666666666667, 0.006666666666666667, 0.006666666666666667, 0.006665055812092912, 0.0003385143285701386, 0.00034579815014110487, 0.00034579815014110487, 0.0002783291864798685, 0.004475741725618828, 0.006666666666666667, 0.00034579815014110487, 0.00034579815014110487, 0.00034579815014110487, 0.00034579815014110487]]
[[["R", "R"], ["D", "C"]], [0.006666666666666667, 0.006666666666666667, 0.006666666666666667, 0.006666666666666667, 0.006666666666666667, 0.004102723415295665, 0.0005447567336892323, 0.00034579815014110487, 0.00034579815014110487, 0.00024667239135170145, 0.006194007911225176, 0.0, 0.00034579815014110487, 0.00034579815014110487, 0.00034579815014110487, 0.00034579815014110487]]
[[["R", "L"], ["C", "C"]], [0.006666666666666667, 0.006666666666666667, 0.0, 0.006666666666666667, 0.006666666666666667, 0.00450801590899414, 0.00027434919934641374, 0.00034579815014110487, 0.00034579815014110487, 0.00034676036412411394, 0.0066651453756464115, 0.006666666666666667, 0.00034579815014110487, 0.00034579815014110487, 0.00034579815014110487, 0.00034579815014110487]]
[[["R", "R"], ["C", "C"]], [0.006666666666666667, 0.006666666666666667, 0.006666666666666667, 0.0, 0.006666666666666667, 0.004432494999987486, 0.00041532504052696685, 0.00034579815014110487, 0.00034579815014110487, 0.00021734379854303914, 0.006665160300637811, 0.006666666666666667, 0.00034579815014110487, 0.00034579815014110487, 0.00034579815014110487, 0.00034579815014110487]]
[[["R", "L"], ["D", "C"]], [0.009052746810404556, 0.008953206796124904, 0.008736818685873383, 0.008718863510365134, 0.010983512260528076, 0.006643679052676627, 0.0037284840112346072, 0.002401425949126906, 0.0016919026024857183, 0.0030547029570281545, 0.0, 0.008851515951366379, 0.002713144895172076, 0.002581302479455723, 0.0024590769524377577, 0.0027445614961878677]]
[[["L", "R"], ["D", "C"]], [0.018349130926426812, 0.01847512358034021, 0.018079037651563518, 0.01857992844409772, 0.016803963800015156, 0.007433794008564427, 0.006655363610600746, 0.0028589661145259843, 0.003116183513314235, 0.0, 0.007078753593739495, 0.016890071514725526, 0.003103229072883996, 0.003072441098114336, 0.003128362297269726, 0.0030409275438934937]]
[[["R", "L"], ["C", "D"]], [0.01844219182060111, 0.01775225202054629, 0.01841998483887872, 0.01917673388957729, 0.016302285141058647, 0.0071748352760401535, 0.0, 0.002878805535868511, 0.0028516424978753023, 0.0066423426670440934, 0.006988216052576909, 0.018336673061626486, 0.0030613007485774937, 0.0029996007208647267, 0.0029796124323323665, 0.0029608802129456437]]
[[["L", "R"], ["C", "D"]], [0.008607975378643428, 0.008909024378364196, 0.008993317436961395, 0.008812317303181948, 0.008613648373909513, 0.0, 0.002727566383384449, 0.001806194090102199, 0.002303055727537982, 0.003642227465318102, 0.006644983396341011, 0.010933171314426851, 0.0026422314103647935, 0.0023165829333970764, 0.0025300762951235654, 0.002426443896549241]]
