(0, 0)((0, 0), (0, 0)) : 0.02386817274650757
(0, 0)((0, 0), (0, 1)) : 0.03380819762195348
(0, 0)((0, 0), (1, 0)) : 0.005597736877398602
(0, 0)((0, 0), (1, 1)) : 0.0026910486713994835
(0, 0)((0, 1), (0, 0)) : 0.02386817274650757
(0, 0)((0, 1), (0, 1)) : 0.03380819762195345
(0, 0)((0, 1), (1, 0)) : 0.005597736877398612
(0, 0)((0, 1), (1, 1)) : 0.002691048671399475
(0, 0)((1, 0), (0, 0)) : 0.023868172746507568
(0, 0)((1, 0), (0, 1)) : 0.033808197621953445
(0, 0)((1, 0), (1, 0)) : 0.005597736877398613
(0, 0)((1, 0), (1, 1)) : 0.0026910486713994774
(0, 0)((1, 1), (0, 0)) : 0.02386817274650757
(0, 0)((1, 1), (0, 1)) : 0.033808197621953445
(0, 0)((1, 1), (1, 0)) : 0.0055977368773986146
(0, 0)((1, 1), (1, 1)) : 0.002691048671399483
(0, 1)((0, 0), (0, 0)) : 0.038888110851690055
(0, 1)((0, 0), (0, 1)) : 0.01759245978060031
(0, 1)((0, 0), (1, 0)) : 0.02510608814209405
(0, 1)((0, 0), (1, 1)) : 0.019067411978442424
(0, 1)((0, 1), (0, 0)) : 0.0171922117216517
(0, 1)((0, 1), (0, 1)) : 0.015128083135580494
(0, 1)((0, 1), (1, 0)) : 0.010733775098665754
(0, 1)((0, 1), (1, 1)) : 0.012556101850682766
(0, 1)((1, 0), (0, 0)) : 0.02797567257055881
(0, 1)((1, 0), (0, 1)) : 0.010733775098665748
(0, 1)((1, 0), (1, 0)) : 0.015128083135580494
(0, 1)((1, 0), (1, 1)) : 0.009250242941762491
(0, 1)((1, 1), (0, 0)) : 0.0070487881157918495
(0, 1)((1, 1), (0, 1)) : 0.004815836977232207
(0, 1)((1, 1), (1, 0)) : 0.0029786062683484927
(0, 1)((1, 1), (1, 1)) : 0.0019441286636159303
(1, 0)((0, 0), (0, 0)) : 0.038888110851690035
(1, 0)((0, 0), (0, 1)) : 0.027975672570558857
(1, 0)((0, 0), (1, 0)) : 0.01719221172165172
(1, 0)((0, 0), (1, 1)) : 0.007048788115791872
(1, 0)((0, 1), (0, 0)) : 0.025106088142094092
(1, 0)((0, 1), (0, 1)) : 0.015128083135580502
(1, 0)((0, 1), (1, 0)) : 0.010733775098665755
(1, 0)((0, 1), (1, 1)) : 0.0029786062683484797
(1, 0)((1, 0), (0, 0)) : 0.017592459780600336
(1, 0)((1, 0), (0, 1)) : 0.01073377509866575
(1, 0)((1, 0), (1, 0)) : 0.015128083135580499
(1, 0)((1, 0), (1, 1)) : 0.004815836977232205
(1, 0)((1, 1), (0, 0)) : 0.01906741197844244
(1, 0)((1, 1), (0, 1)) : 0.00925024294176249
(1, 0)((1, 1), (1, 0)) : 0.01255610185068272
(1, 0)((1, 1), (1, 1)) : 0.001944128663615928
(1, 1)((0, 0), (0, 0)) : 0.023868172746507533
(1, 1)((0, 0), (0, 1)) : 0.023868172746507554
(1, 1)((0, 0), (1, 0)) : 0.023868172746507536
(1, 1)((0, 0), (1, 1)) : 0.023868172746507554
(1, 1)((0, 1), (0, 0)) : 0.005597736877398611
(1, 1)((0, 1), (0, 1)) : 0.005597736877398611
(1, 1)((0, 1), (1, 0)) : 0.0055977368773986085
(1, 1)((0, 1), (1, 1)) : 0.005597736877398603
(1, 1)((1, 0), (0, 0)) : 0.03380819762195345
(1, 1)((1, 0), (0, 1)) : 0.03380819762195345
(1, 1)((1, 0), (1, 0)) : 0.03380819762195345
(1, 1)((1, 0), (1, 1)) : 0.03380819762195345
(1, 1)((1, 1), (0, 0)) : 0.0026910486713994635
(1, 1)((1, 1), (0, 1)) : 0.00269104867139945
(1, 1)((1, 1), (1, 0)) : 0.0026910486713994626
(1, 1)((1, 1), (1, 1)) : 0.002691048671399465