(0, 0)((0, 0), (0, 0)) : 0.0285804832100593
(0, 0)((0, 0), (0, 1)) : 0.026227819563447226
(0, 0)((0, 0), (1, 0)) : 0.005596316314055846
(0, 0)((0, 0), (1, 1)) : 0.0018509606745800529
(0, 0)((0, 1), (0, 0)) : 0.028580483210054238
(0, 0)((0, 1), (0, 1)) : 0.02622781956344342
(0, 0)((0, 1), (1, 0)) : 0.005596316314059731
(0, 0)((0, 1), (1, 1)) : 0.0018509606745764813
(0, 0)((1, 0), (0, 0)) : 0.028580483210055282
(0, 0)((1, 0), (0, 1)) : 0.026227819563442056
(0, 0)((1, 0), (1, 0)) : 0.005596316314059743
(0, 0)((1, 0), (1, 1)) : 0.001850960674576492
(0, 0)((1, 1), (0, 0)) : 0.028580483210055456
(0, 0)((1, 1), (0, 1)) : 0.026227819563441696
(0, 0)((1, 1), (1, 0)) : 0.005596316314059855
(0, 0)((1, 1), (1, 1)) : 0.0018509606745765067
(0, 1)((0, 0), (0, 0)) : 0.0596139645327056
(0, 1)((0, 0), (0, 1)) : 0.02105781719873673
(0, 1)((0, 0), (1, 0)) : 0.027755543108988895
(0, 1)((0, 0), (1, 1)) : 0.022668168585119924
(0, 1)((0, 1), (0, 0)) : 0.01595683563711077
(0, 1)((0, 1), (0, 1)) : 0.013227840090015293
(0, 1)((0, 1), (1, 0)) : 0.009353236102781055
(0, 1)((0, 1), (1, 1)) : 0.010255182642482635
(0, 1)((1, 0), (0, 0)) : 0.028568425984134782
(0, 1)((1, 0), (0, 1)) : 0.009353236102780507
(0, 1)((1, 0), (1, 0)) : 0.013227840090013921
(0, 1)((1, 0), (1, 1)) : 0.008243618595362923
(0, 1)((1, 1), (0, 0)) : 0.005336694410522918
(0, 1)((1, 1), (0, 1)) : 0.00343198733786425
(0, 1)((1, 1), (1, 0)) : 0.0018817875308719944
(0, 1)((1, 1), (1, 1)) : 0.0010455030019702936
(1, 0)((0, 0), (0, 0)) : 0.059613964532702846
(1, 0)((0, 0), (0, 1)) : 0.02856842598413243
(1, 0)((0, 0), (1, 0)) : 0.01595683563710961
(1, 0)((0, 0), (1, 1)) : 0.005336694410522915
(1, 0)((0, 1), (0, 0)) : 0.02775554310898659
(1, 0)((0, 1), (0, 1)) : 0.013227840090015737
(1, 0)((0, 1), (1, 0)) : 0.009353236102781038
(1, 0)((0, 1), (1, 1)) : 0.0018817875308714599
(1, 0)((1, 0), (0, 0)) : 0.021057817198735007
(1, 0)((1, 0), (0, 1)) : 0.009353236102780008
(1, 0)((1, 0), (1, 0)) : 0.013227840090012865
(1, 0)((1, 0), (1, 1)) : 0.0034319873378644114
(1, 0)((1, 1), (0, 0)) : 0.02266816858511926
(1, 0)((1, 1), (0, 1)) : 0.008243618595362583
(1, 0)((1, 1), (1, 0)) : 0.010255182642482664
(1, 0)((1, 1), (1, 1)) : 0.0010455030019702503
(1, 1)((0, 0), (0, 0)) : 0.02858048321005821
(1, 1)((0, 0), (0, 1)) : 0.028580483210058117
(1, 1)((0, 0), (1, 0)) : 0.028580483210056906
(1, 1)((0, 0), (1, 1)) : 0.02858048321005679
(1, 1)((0, 1), (0, 0)) : 0.005596316314060422
(1, 1)((0, 1), (0, 1)) : 0.005596316314060272
(1, 1)((0, 1), (1, 0)) : 0.005596316314060152
(1, 1)((0, 1), (1, 1)) : 0.005596316314059954
(1, 1)((1, 0), (0, 0)) : 0.026227819563441144
(1, 1)((1, 0), (0, 1)) : 0.026227819563441945
(1, 1)((1, 0), (1, 0)) : 0.026227819563441963
(1, 1)((1, 0), (1, 1)) : 0.026227819563442514
(1, 1)((1, 1), (0, 0)) : 0.0018509606745765541
(1, 1)((1, 1), (0, 1)) : 0.001850960674576565
(1, 1)((1, 1), (1, 0)) : 0.001850960674576565
(1, 1)((1, 1), (1, 1)) : 0.001850960674576453