[1, 1, 1, 1, 1]  :  0.00362876
[1, 0, 1, 1, 1]  :  0.00362876
[0, 1, 1, 1, 1]  :  0.00362876
[0, 0, 1, 1, 1]  :  0.00362876
[1, 1, 1, 1, 0]  :  0.00362876
[1, 0, 1, 1, 0]  :  0.00120125
[0, 1, 1, 1, 0]  :  0.00159328
[0, 0, 1, 1, 0]  :  0.09164808
[1, 1, 1, 0, 1]  :  0.00362876
[1, 0, 1, 0, 1]  :  0.00113232
[0, 1, 1, 0, 1]  :  0.00113232
[0, 0, 1, 0, 1]  :  0.00362876
[1, 1, 1, 0, 0]  :  0.00362876
[1, 0, 1, 0, 0]  :  0.0062127
[0, 1, 1, 0, 0]  :  0.00593634
[0, 0, 1, 0, 0]  :  0.09164808
[1, 1, 0, 1, 1]  :  0.09164808
[1, 0, 0, 1, 1]  :  0.00159328
[0, 1, 0, 1, 1]  :  0.00120125
[0, 0, 0, 1, 1]  :  0.00362876
[1, 1, 0, 1, 0]  :  0.09164808
[1, 0, 0, 1, 0]  :  0.00753993
[0, 1, 0, 1, 0]  :  0.00753993
[0, 0, 0, 1, 0]  :  0.09164808
[1, 1, 0, 0, 1]  :  0.09164808
[1, 0, 0, 0, 1]  :  0.00593634
[0, 1, 0, 0, 1]  :  0.0062127
[0, 0, 0, 0, 1]  :  0.00362876
[1, 1, 0, 0, 0]  :  0.09164808
[1, 0, 0, 0, 0]  :  0.09164808
[0, 1, 0, 0, 0]  :  0.09164808
[0, 0, 0, 0, 0]  :  0.09164808