(0, 0)((0, 0), (0, 0)) : 0.001044758655884749
(0, 0)((0, 0), (0, 1)) : 0.043327429380495275
(0, 0)((0, 0), (1, 0)) : 0.0010447586558928051
(0, 0)((0, 0), (1, 1)) : 0.0433274293804854
(0, 0)((0, 1), (0, 0)) : 0.00104475865588721
(0, 0)((0, 1), (0, 1)) : 0.04332742938048554
(0, 0)((0, 1), (1, 0)) : 0.0010447586558878673
(0, 0)((0, 1), (1, 1)) : 0.04332742938048767
(0, 0)((1, 0), (0, 0)) : 0.0010447586558873742
(0, 0)((1, 0), (0, 1)) : 0.04332742938048778
(0, 0)((1, 0), (1, 0)) : 0.0010447586558878798
(0, 0)((1, 0), (1, 1)) : 0.04332742938048759
(0, 0)((1, 1), (0, 0)) : 0.0010447586558875145
(0, 0)((1, 1), (0, 1)) : 0.04332742938048884
(0, 0)((1, 1), (1, 0)) : 0.0010447586558878666
(0, 0)((1, 1), (1, 1)) : 0.04332742938048916
(0, 1)((0, 0), (0, 0)) : 0.0010447586558876626
(0, 1)((0, 0), (0, 1)) : 0.001063318090650832
(0, 1)((0, 0), (1, 0)) : 0.0011127768187125333
(0, 1)((0, 0), (1, 1)) : 0.002651262409320469
(0, 1)((0, 1), (0, 0)) : 0.0011127768187120313
(0, 1)((0, 1), (0, 1)) : 0.002651262409319239
(0, 1)((0, 1), (1, 0)) : 0.002651262409319475
(0, 1)((0, 1), (1, 1)) : 0.03689293045135749
(0, 1)((1, 0), (0, 0)) : 0.001796500033276103
(0, 1)((1, 0), (0, 1)) : 0.002651262409319419
(0, 1)((1, 0), (1, 0)) : 0.0026512624093197102
(0, 1)((1, 0), (1, 1)) : 0.019142574168114317
(0, 1)((1, 1), (0, 0)) : 0.002651262409319021
(0, 1)((1, 1), (0, 1)) : 0.019142574168134585
(0, 1)((1, 1), (1, 0)) : 0.00447928266771381
(0, 1)((1, 1), (1, 1)) : 0.04332742938051098
(1, 0)((0, 0), (0, 0)) : 0.0010447586558875684
(1, 0)((0, 0), (0, 1)) : 0.0017965000332759167
(1, 0)((0, 0), (1, 0)) : 0.0011127768187121788
(1, 0)((0, 0), (1, 1)) : 0.0026512624093191057
(1, 0)((0, 1), (0, 0)) : 0.0011127768187120827
(1, 0)((0, 1), (0, 1)) : 0.0026512624093192262
(1, 0)((0, 1), (1, 0)) : 0.002651262409319326
(1, 0)((0, 1), (1, 1)) : 0.0044792826677131385
(1, 0)((1, 0), (0, 0)) : 0.0010633180906508667
(1, 0)((1, 0), (0, 1)) : 0.002651262409319237
(1, 0)((1, 0), (1, 0)) : 0.002651262409319819
(1, 0)((1, 0), (1, 1)) : 0.019142574168132923
(1, 0)((1, 1), (0, 0)) : 0.0026512624093197584
(1, 0)((1, 1), (0, 1)) : 0.019142574168121384
(1, 0)((1, 1), (1, 0)) : 0.03689293045135639
(1, 0)((1, 1), (1, 1)) : 0.043327429380507945
(1, 1)((0, 0), (0, 0)) : 0.0010447586558874264
(1, 1)((0, 0), (0, 1)) : 0.0010447586558875546
(1, 1)((0, 0), (1, 0)) : 0.0010447586558875546
(1, 1)((0, 0), (1, 1)) : 0.001044758655887604
(1, 1)((0, 1), (0, 0)) : 0.0010447586558877146
(1, 1)((0, 1), (0, 1)) : 0.001044758655887701
(1, 1)((0, 1), (1, 0)) : 0.001044758655887801
(1, 1)((0, 1), (1, 1)) : 0.0010447586558877937
(1, 1)((1, 0), (0, 0)) : 0.043327429380489474
(1, 1)((1, 0), (0, 1)) : 0.043327429380489474
(1, 1)((1, 0), (1, 0)) : 0.043327429380490674
(1, 1)((1, 0), (1, 1)) : 0.043327429380490674
(1, 1)((1, 1), (0, 0)) : 0.043327429380488114
(1, 1)((1, 1), (0, 1)) : 0.043327429380487975
(1, 1)((1, 1), (1, 0)) : 0.043327429380487975
(1, 1)((1, 1), (1, 1)) : 0.04332742938048949