(0, 0)((0, 0), (0, 0)) : 0.013278012806615166
(0, 0)((0, 0), (0, 1)) : 0.059871652125888436
(0, 0)((0, 0), (1, 0)) : 0.004783298621867001
(0, 0)((0, 0), (1, 1)) : 0.008742543658231388
(0, 0)((0, 1), (0, 0)) : 0.013278012806611117
(0, 0)((0, 1), (0, 1)) : 0.05987165212587226
(0, 0)((0, 1), (1, 0)) : 0.004783298621866998
(0, 0)((0, 1), (1, 1)) : 0.008742543658230973
(0, 0)((1, 0), (0, 0)) : 0.01327801280661124
(0, 0)((1, 0), (0, 1)) : 0.059871652125871776
(0, 0)((1, 0), (1, 0)) : 0.004783298621866817
(0, 0)((1, 0), (1, 1)) : 0.008742543658230968
(0, 0)((1, 1), (0, 0)) : 0.013278012806611223
(0, 0)((1, 1), (0, 1)) : 0.05987165212587144
(0, 0)((1, 1), (1, 0)) : 0.0047832986218667726
(0, 0)((1, 1), (1, 1)) : 0.008742543658230963
(0, 1)((0, 0), (0, 0)) : 0.011619875842723698
(0, 1)((0, 0), (0, 1)) : 0.0067222595649230965
(0, 1)((0, 0), (1, 0)) : 0.006997135621818453
(0, 1)((0, 0), (1, 1)) : 0.006405513174055076
(0, 1)((0, 1), (0, 0)) : 0.006942451206275732
(0, 1)((0, 1), (0, 1)) : 0.007625600241304005
(0, 1)((0, 1), (1, 0)) : 0.005789566942894668
(0, 1)((0, 1), (1, 1)) : 0.026477158802514472
(0, 1)((1, 0), (0, 0)) : 0.010783681699749977
(0, 1)((1, 0), (0, 1)) : 0.005789566942894345
(0, 1)((1, 0), (1, 0)) : 0.007625600241299271
(0, 1)((1, 0), (1, 1)) : 0.014749772941934546
(0, 1)((1, 1), (0, 0)) : 0.0064090032245213285
(0, 1)((1, 1), (0, 1)) : 0.013864636129322615
(0, 1)((1, 1), (1, 0)) : 0.003963824755103252
(0, 1)((1, 1), (1, 1)) : 0.011532323818190042
(1, 0)((0, 0), (0, 0)) : 0.011619875842723773
(1, 0)((0, 0), (0, 1)) : 0.010783681699754995
(1, 0)((0, 0), (1, 0)) : 0.006942451206276462
(1, 0)((0, 0), (1, 1)) : 0.006409003224522248
(1, 0)((0, 1), (0, 0)) : 0.006997135621819059
(1, 0)((0, 1), (0, 1)) : 0.007625600241304116
(1, 0)((0, 1), (1, 0)) : 0.005789566942895152
(1, 0)((0, 1), (1, 1)) : 0.003963824755103255
(1, 0)((1, 0), (0, 0)) : 0.006722259564922589
(1, 0)((1, 0), (0, 1)) : 0.005789566942895046
(1, 0)((1, 0), (1, 0)) : 0.00762560024130064
(1, 0)((1, 0), (1, 1)) : 0.013864636129314153
(1, 0)((1, 1), (0, 0)) : 0.006405513174055342
(1, 0)((1, 1), (0, 1)) : 0.014749772941953523
(1, 0)((1, 1), (1, 0)) : 0.026477158802585315
(1, 0)((1, 1), (1, 1)) : 0.011532323818190006
(1, 1)((0, 0), (0, 0)) : 0.013278012806618698
(1, 1)((0, 0), (0, 1)) : 0.013278012806618833
(1, 1)((0, 0), (1, 0)) : 0.013278012806618708
(1, 1)((0, 0), (1, 1)) : 0.013278012806618703
(1, 1)((0, 1), (0, 0)) : 0.004783298621872156
(1, 1)((0, 1), (0, 1)) : 0.004783298621872156
(1, 1)((0, 1), (1, 0)) : 0.004783298621872163
(1, 1)((0, 1), (1, 1)) : 0.004783298621872163
(1, 1)((1, 0), (0, 0)) : 0.05987165212590387
(1, 1)((1, 0), (0, 1)) : 0.059871652125906
(1, 1)((1, 0), (1, 0)) : 0.059871652125906186
(1, 1)((1, 0), (1, 1)) : 0.059871652125906186
(1, 1)((1, 1), (0, 0)) : 0.008742543658232226
(1, 1)((1, 1), (0, 1)) : 0.008742543658232228
(1, 1)((1, 1), (1, 0)) : 0.008742543658232465
(1, 1)((1, 1), (1, 1)) : 0.008742543658232465