(0, 0)((0, 0), (0, 0)) : 0.023463334057018413
(0, 0)((0, 0), (0, 1)) : 0.03349725787401157
(0, 0)((0, 0), (1, 0)) : 0.005546801973474085
(0, 0)((0, 0), (1, 1)) : 0.0027286295618760273
(0, 0)((0, 1), (0, 0)) : 0.023463334057018403
(0, 0)((0, 1), (0, 1)) : 0.033497257874011574
(0, 0)((0, 1), (1, 0)) : 0.005546801973474087
(0, 0)((0, 1), (1, 1)) : 0.0027286295618760264
(0, 0)((1, 0), (0, 0)) : 0.0234633340570184
(0, 0)((1, 0), (0, 1)) : 0.033497257874011595
(0, 0)((1, 0), (1, 0)) : 0.0055468019734740874
(0, 0)((1, 0), (1, 1)) : 0.0027286295618760286
(0, 0)((1, 1), (0, 0)) : 0.02346333405701842
(0, 0)((1, 1), (0, 1)) : 0.0334972578740116
(0, 0)((1, 1), (1, 0)) : 0.005546801973474084
(0, 0)((1, 1), (1, 1)) : 0.0027286295618760294
(0, 1)((0, 0), (0, 0)) : 0.03793611334587676
(0, 1)((0, 0), (0, 1)) : 0.02889225861363123
(0, 1)((0, 0), (1, 0)) : 0.028892258613631212
(0, 1)((0, 0), (1, 1)) : 0.01744565939998372
(0, 1)((0, 1), (0, 0)) : 0.020379813506493896
(0, 1)((0, 1), (0, 1)) : 0.015216761717082675
(0, 1)((0, 1), (1, 0)) : 0.010796010915830398
(0, 1)((0, 1), (1, 1)) : 0.00780552345916661
(0, 1)((1, 0), (0, 0)) : 0.02037981350649392
(0, 1)((1, 0), (0, 1)) : 0.010796010915830389
(0, 1)((1, 0), (1, 0)) : 0.015216761717082675
(0, 1)((1, 0), (1, 1)) : 0.007805523459166615
(0, 1)((1, 1), (0, 0)) : 0.007243757002152005
(0, 1)((1, 1), (0, 1)) : 0.004175336903348919
(0, 1)((1, 1), (1, 0)) : 0.004175336903348925
(0, 1)((1, 1), (1, 1)) : 0.001898966155359353
(1, 0)((0, 0), (0, 0)) : 0.03793611334587673
(1, 0)((0, 0), (0, 1)) : 0.020379813506493896
(1, 0)((0, 0), (1, 0)) : 0.020379813506493916
(1, 0)((0, 0), (1, 1)) : 0.007243757002151997
(1, 0)((0, 1), (0, 0)) : 0.028892258613631233
(1, 0)((0, 1), (0, 1)) : 0.015216761717082672
(1, 0)((0, 1), (1, 0)) : 0.01079601091583039
(1, 0)((0, 1), (1, 1)) : 0.004175336903348922
(1, 0)((1, 0), (0, 0)) : 0.028892258613631216
(1, 0)((1, 0), (0, 1)) : 0.010796010915830392
(1, 0)((1, 0), (1, 0)) : 0.015216761717082673
(1, 0)((1, 0), (1, 1)) : 0.004175336903348922
(1, 0)((1, 1), (0, 0)) : 0.017445659399983722
(1, 0)((1, 1), (0, 1)) : 0.007805523459166609
(1, 0)((1, 1), (1, 0)) : 0.007805523459166628
(1, 0)((1, 1), (1, 1)) : 0.0018989661553593532
(1, 1)((0, 0), (0, 0)) : 0.023463334057018424
(1, 1)((0, 0), (0, 1)) : 0.023463334057018437
(1, 1)((0, 0), (1, 0)) : 0.023463334057018448
(1, 1)((0, 0), (1, 1)) : 0.023463334057018437
(1, 1)((0, 1), (0, 0)) : 0.005546801973474093
(1, 1)((0, 1), (0, 1)) : 0.005546801973474093
(1, 1)((0, 1), (1, 0)) : 0.0055468019734740874
(1, 1)((0, 1), (1, 1)) : 0.005546801973474091
(1, 1)((1, 0), (0, 0)) : 0.03349725787401169
(1, 1)((1, 0), (0, 1)) : 0.03349725787401167
(1, 1)((1, 0), (1, 0)) : 0.03349725787401167
(1, 1)((1, 0), (1, 1)) : 0.0334972578740117
(1, 1)((1, 1), (0, 0)) : 0.0027286295618760316
(1, 1)((1, 1), (0, 1)) : 0.00272862956187604
(1, 1)((1, 1), (1, 0)) : 0.002728629561876044
(1, 1)((1, 1), (1, 1)) : 0.002728629561876039