(0, 0)((0, 0), (0, 0)) : 0.014248545151047
(0, 0)((0, 0), (0, 1)) : 0.06363586778291049
(0, 0)((0, 0), (1, 0)) : 0.005196538095749933
(0, 0)((0, 0), (1, 1)) : 0.009053381847704501
(0, 0)((0, 1), (0, 0)) : 0.014248545151047008
(0, 0)((0, 1), (0, 1)) : 0.06363586778291047
(0, 0)((0, 1), (1, 0)) : 0.005196538095749906
(0, 0)((0, 1), (1, 1)) : 0.009053381847704508
(0, 0)((1, 0), (0, 0)) : 0.014248545151047008
(0, 0)((1, 0), (0, 1)) : 0.06363586778291047
(0, 0)((1, 0), (1, 0)) : 0.0051965380957499025
(0, 0)((1, 0), (1, 1)) : 0.009053381847704508
(0, 0)((1, 1), (0, 0)) : 0.014248545151047004
(0, 0)((1, 1), (0, 1)) : 0.06363586778291047
(0, 0)((1, 1), (1, 0)) : 0.005196538095749906
(0, 0)((1, 1), (1, 1)) : 0.009053381847704519
(0, 1)((0, 0), (0, 0)) : 0.012725173237374834
(0, 1)((0, 0), (0, 1)) : 0.008210772408383232
(0, 1)((0, 0), (1, 0)) : 0.008210772408383237
(0, 1)((0, 0), (1, 1)) : 0.006816278950766027
(0, 1)((0, 1), (0, 0)) : 0.007698575079547325
(0, 1)((0, 1), (0, 1)) : 0.008278951729163528
(0, 1)((0, 1), (1, 0)) : 0.006220939158307308
(0, 1)((0, 1), (1, 1)) : 0.008388492817940204
(0, 1)((1, 0), (0, 0)) : 0.007698575079547334
(0, 1)((1, 0), (0, 1)) : 0.006220939158307303
(0, 1)((1, 0), (1, 0)) : 0.008278951729163545
(0, 1)((1, 0), (1, 1)) : 0.008388492817940208
(0, 1)((1, 1), (0, 0)) : 0.0062174405125792025
(0, 1)((1, 1), (0, 1)) : 0.007998696175176971
(0, 1)((1, 1), (1, 0)) : 0.007998696175176975
(0, 1)((1, 1), (1, 1)) : 0.01211092105259522
(1, 0)((0, 0), (0, 0)) : 0.012725173237374827
(1, 0)((0, 0), (0, 1)) : 0.007698575079547325
(1, 0)((0, 0), (1, 0)) : 0.007698575079547334
(1, 0)((0, 0), (1, 1)) : 0.0062174405125792025
(1, 0)((0, 1), (0, 0)) : 0.008210772408383232
(1, 0)((0, 1), (0, 1)) : 0.008278951729163528
(1, 0)((0, 1), (1, 0)) : 0.006220939158307298
(1, 0)((0, 1), (1, 1)) : 0.007998696175176966
(1, 0)((1, 0), (0, 0)) : 0.008210772408383242
(1, 0)((1, 0), (0, 1)) : 0.006220939158307302
(1, 0)((1, 0), (1, 0)) : 0.00827895172916354
(1, 0)((1, 0), (1, 1)) : 0.007998696175176977
(1, 0)((1, 1), (0, 0)) : 0.006816278950766027
(1, 0)((1, 1), (0, 1)) : 0.008388492817940208
(1, 0)((1, 1), (1, 0)) : 0.008388492817940208
(1, 0)((1, 1), (1, 1)) : 0.01211092105259522
(1, 1)((0, 0), (0, 0)) : 0.014248545151046996
(1, 1)((0, 0), (0, 1)) : 0.014248545151047
(1, 1)((0, 0), (1, 0)) : 0.014248545151046996
(1, 1)((0, 0), (1, 1)) : 0.014248545151046996
(1, 1)((0, 1), (0, 0)) : 0.005196538095749914
(1, 1)((0, 1), (0, 1)) : 0.005196538095749914
(1, 1)((0, 1), (1, 0)) : 0.005196538095749914
(1, 1)((0, 1), (1, 1)) : 0.005196538095749914
(1, 1)((1, 0), (0, 0)) : 0.06363586778291047
(1, 1)((1, 0), (0, 1)) : 0.06363586778291047
(1, 1)((1, 0), (1, 0)) : 0.06363586778291047
(1, 1)((1, 0), (1, 1)) : 0.06363586778291047
(1, 1)((1, 1), (0, 0)) : 0.009053381847704524
(1, 1)((1, 1), (0, 1)) : 0.009053381847704526
(1, 1)((1, 1), (1, 0)) : 0.009053381847704526
(1, 1)((1, 1), (1, 1)) : 0.009053381847704524