[1, 1, 1, 1, 1]  :  0.05141152
[1, 0, 1, 1, 1]  :  0.05141152
[0, 1, 1, 1, 1]  :  0.05141152
[0, 0, 1, 1, 1]  :  0.05141152
[1, 1, 1, 1, 0]  :  0.05141152
[1, 0, 1, 1, 0]  :  0.0053563
[0, 1, 1, 1, 0]  :  0.00433538
[0, 0, 1, 1, 0]  :  0.03990342
[1, 1, 1, 0, 1]  :  0.05141152
[1, 0, 1, 0, 1]  :  0.00480391
[0, 1, 1, 0, 1]  :  0.00480391
[0, 0, 1, 0, 1]  :  0.05141152
[1, 1, 1, 0, 0]  :  0.05141152
[1, 0, 1, 0, 0]  :  0.01063694
[0, 1, 1, 0, 0]  :  0.00860648
[0, 0, 1, 0, 0]  :  0.03990342
[1, 1, 0, 1, 1]  :  0.03990342
[1, 0, 0, 1, 1]  :  0.00433538
[0, 1, 0, 1, 1]  :  0.0053563
[0, 0, 0, 1, 1]  :  0.05141152
[1, 1, 0, 1, 0]  :  0.03990342
[1, 0, 0, 1, 0]  :  0.00968633
[0, 1, 0, 1, 0]  :  0.00968633
[0, 0, 0, 1, 0]  :  0.03990342
[1, 1, 0, 0, 1]  :  0.03990342
[1, 0, 0, 0, 1]  :  0.00860648
[0, 1, 0, 0, 1]  :  0.01063694
[0, 0, 0, 0, 1]  :  0.05141152
[1, 1, 0, 0, 0]  :  0.03990342
[1, 0, 0, 0, 0]  :  0.03990342
[0, 1, 0, 0, 0]  :  0.03990342
[0, 0, 0, 0, 0]  :  0.03990342