(0, 0)((0, 0), (0, 0)) : 0.013661164611552881
(0, 0)((0, 0), (0, 1)) : 0.061610999469833276
(0, 0)((0, 0), (1, 0)) : 0.0049670473633942665
(0, 0)((0, 0), (1, 1)) : 0.00891754892744797
(0, 0)((0, 1), (0, 0)) : 0.01366116461155291
(0, 0)((0, 1), (0, 1)) : 0.06161099946983332
(0, 0)((0, 1), (1, 0)) : 0.004967047363394272
(0, 0)((0, 1), (1, 1)) : 0.008917548927447973
(0, 0)((1, 0), (0, 0)) : 0.013661164611552912
(0, 0)((1, 0), (0, 1)) : 0.06161099946983332
(0, 0)((1, 0), (1, 0)) : 0.004967047363394272
(0, 0)((1, 0), (1, 1)) : 0.008917548927447973
(0, 0)((1, 1), (0, 0)) : 0.013661164611552912
(0, 0)((1, 1), (0, 1)) : 0.06161099946983332
(0, 0)((1, 1), (1, 0)) : 0.004967047363394272
(0, 0)((1, 1), (1, 1)) : 0.008917548927447973
(0, 1)((0, 0), (0, 0)) : 0.012030763887144602
(0, 1)((0, 0), (0, 1)) : 0.00687189263725336
(0, 1)((0, 0), (1, 0)) : 0.007382406283228909
(0, 1)((0, 0), (1, 1)) : 0.006559610179636532
(0, 1)((0, 1), (0, 0)) : 0.007152281671536436
(0, 1)((0, 1), (0, 1)) : 0.007902645485300201
(0, 1)((0, 1), (1, 0)) : 0.005969913307685896
(0, 1)((0, 1), (1, 1)) : 0.02149052156436761
(0, 1)((1, 0), (0, 0)) : 0.01025050720198475
(0, 1)((1, 0), (0, 1)) : 0.005969913307685876
(0, 1)((1, 0), (1, 0)) : 0.007902645485300196
(0, 1)((1, 0), (1, 1)) : 0.010946191115161279
(0, 1)((1, 1), (0, 0)) : 0.0062169590846341246
(0, 1)((1, 1), (0, 1)) : 0.010359551790611264
(0, 1)((1, 1), (1, 0)) : 0.00453623333849955
(0, 1)((1, 1), (1, 1)) : 0.011830922171055247
(1, 0)((0, 0), (0, 0)) : 0.012030763887144602
(1, 0)((0, 0), (0, 1)) : 0.01025050720198475
(1, 0)((0, 0), (1, 0)) : 0.007152281671536432
(1, 0)((0, 0), (1, 1)) : 0.0062169590846341246
(1, 0)((0, 1), (0, 0)) : 0.007382406283228922
(1, 0)((0, 1), (0, 1)) : 0.007902645485300196
(1, 0)((0, 1), (1, 0)) : 0.005969913307685889
(1, 0)((0, 1), (1, 1)) : 0.004536233338499552
(1, 0)((1, 0), (0, 0)) : 0.006871892637253354
(1, 0)((1, 0), (0, 1)) : 0.0059699133076858875
(1, 0)((1, 0), (1, 0)) : 0.00790264548530018
(1, 0)((1, 0), (1, 1)) : 0.010359551790611262
(1, 0)((1, 1), (0, 0)) : 0.006559610179636532
(1, 0)((1, 1), (0, 1)) : 0.010946191115161312
(1, 0)((1, 1), (1, 0)) : 0.0214905215643676
(1, 0)((1, 1), (1, 1)) : 0.011830922171055249
(1, 1)((0, 0), (0, 0)) : 0.013661164611552932
(1, 1)((0, 0), (0, 1)) : 0.013661164611552932
(1, 1)((0, 0), (1, 0)) : 0.013661164611552932
(1, 1)((0, 0), (1, 1)) : 0.013661164611552932
(1, 1)((0, 1), (0, 0)) : 0.004967047363394274
(1, 1)((0, 1), (0, 1)) : 0.004967047363394274
(1, 1)((0, 1), (1, 0)) : 0.004967047363394277
(1, 1)((0, 1), (1, 1)) : 0.004967047363394277
(1, 1)((1, 0), (0, 0)) : 0.06161099946983342
(1, 1)((1, 0), (0, 1)) : 0.06161099946983342
(1, 1)((1, 0), (1, 0)) : 0.06161099946983342
(1, 1)((1, 0), (1, 1)) : 0.06161099946983342
(1, 1)((1, 1), (0, 0)) : 0.008917548927447975
(1, 1)((1, 1), (0, 1)) : 0.008917548927447975
(1, 1)((1, 1), (1, 0)) : 0.008917548927447979
(1, 1)((1, 1), (1, 1)) : 0.008917548927447979