(0, 0)((0, 0), (0, 0)) : 0.03524006187741715
(0, 0)((0, 0), (0, 1)) : 0.033534575206020795
(0, 0)((0, 0), (1, 0)) : 0.007086172578201279
(0, 0)((0, 0), (1, 1)) : 0.0020530119742366635
(0, 0)((0, 1), (0, 0)) : 0.03524006187741653
(0, 0)((0, 1), (0, 1)) : 0.033534575206010525
(0, 0)((0, 1), (1, 0)) : 0.007086172578203091
(0, 0)((0, 1), (1, 1)) : 0.0020530119742366284
(0, 0)((1, 0), (0, 0)) : 0.03524006187741854
(0, 0)((1, 0), (0, 1)) : 0.03353457520601095
(0, 0)((1, 0), (1, 0)) : 0.0070861725782032856
(0, 0)((1, 0), (1, 1)) : 0.0020530119742365703
(0, 0)((1, 1), (0, 0)) : 0.035240061877418495
(0, 0)((1, 1), (0, 1)) : 0.033534575206010324
(0, 0)((1, 1), (1, 0)) : 0.007086172578203509
(0, 0)((1, 1), (1, 1)) : 0.0020530119742365803
(0, 1)((0, 0), (0, 0)) : 0.04608224036541416
(0, 1)((0, 0), (0, 1)) : 0.017772825427492752
(0, 1)((0, 0), (1, 0)) : 0.018397792875844792
(0, 1)((0, 0), (1, 1)) : 0.011406688301990304
(0, 1)((0, 1), (0, 0)) : 0.012114745334171572
(0, 1)((0, 1), (0, 1)) : 0.0089851906500699
(0, 1)((0, 1), (1, 0)) : 0.005792610405752127
(0, 1)((0, 1), (1, 1)) : 0.015003208613256944
(0, 1)((1, 0), (0, 0)) : 0.01683803639387291
(0, 1)((1, 0), (0, 1)) : 0.005792610405751705
(0, 1)((1, 0), (1, 0)) : 0.008985190650070593
(0, 1)((1, 0), (1, 1)) : 0.00953957791737155
(0, 1)((1, 1), (0, 0)) : 0.003999185563486581
(0, 1)((1, 1), (0, 1)) : 0.004127298071240557
(0, 1)((1, 1), (1, 0)) : 0.0015690260999092237
(0, 1)((1, 1), (1, 1)) : 0.0019384863808279012
(1, 0)((0, 0), (0, 0)) : 0.04608224036541335
(1, 0)((0, 0), (0, 1)) : 0.016838036393871943
(1, 0)((0, 0), (1, 0)) : 0.01211474533417209
(1, 0)((0, 0), (1, 1)) : 0.003999185563486431
(1, 0)((0, 1), (0, 0)) : 0.018397792875844966
(1, 0)((0, 1), (0, 1)) : 0.008985190650069365
(1, 0)((0, 1), (1, 0)) : 0.005792610405751583
(1, 0)((0, 1), (1, 1)) : 0.00156902609991061
(1, 0)((1, 0), (0, 0)) : 0.01777282542749357
(1, 0)((1, 0), (0, 1)) : 0.00579261040575204
(1, 0)((1, 0), (1, 0)) : 0.008985190650070755
(1, 0)((1, 0), (1, 1)) : 0.004127298071239477
(1, 0)((1, 1), (0, 0)) : 0.011406688301990391
(1, 0)((1, 1), (0, 1)) : 0.009539577917372527
(1, 0)((1, 1), (1, 0)) : 0.015003208613260495
(1, 0)((1, 1), (1, 1)) : 0.0019384863808279036
(1, 1)((0, 0), (0, 0)) : 0.035240061877419966
(1, 1)((0, 0), (0, 1)) : 0.035240061877419855
(1, 1)((0, 0), (1, 0)) : 0.035240061877419855
(1, 1)((0, 0), (1, 1)) : 0.035240061877419855
(1, 1)((0, 1), (0, 0)) : 0.007086172578202338
(1, 1)((0, 1), (0, 1)) : 0.007086172578202517
(1, 1)((0, 1), (1, 0)) : 0.00708617257820251
(1, 1)((0, 1), (1, 1)) : 0.007086172578202486
(1, 1)((1, 0), (0, 0)) : 0.033534575206010324
(1, 1)((1, 0), (0, 1)) : 0.033534575206010324
(1, 1)((1, 0), (1, 0)) : 0.03353457520601032
(1, 1)((1, 0), (1, 1)) : 0.033534575206010005
(1, 1)((1, 1), (0, 0)) : 0.0020530119742344067
(1, 1)((1, 1), (0, 1)) : 0.0020530119742344587
(1, 1)((1, 1), (1, 0)) : 0.0020530119742344453
(1, 1)((1, 1), (1, 1)) : 0.0020530119742344292