(0, 0)((0, 0), (0, 0)) : 0.0041811388584982005
(0, 0)((0, 0), (0, 1)) : 0.06261226793351968
(0, 0)((0, 0), (1, 0)) : 0.0022571680337375
(0, 0)((0, 0), (1, 1)) : 0.019446184883508157
(0, 0)((0, 1), (0, 0)) : 0.00418113885849329
(0, 0)((0, 1), (0, 1)) : 0.06261226793357531
(0, 0)((0, 1), (1, 0)) : 0.002257168033734384
(0, 0)((0, 1), (1, 1)) : 0.019446184883508605
(0, 0)((1, 0), (0, 0)) : 0.004181138858493161
(0, 0)((1, 0), (0, 1)) : 0.06261226793357316
(0, 0)((1, 0), (1, 0)) : 0.0022571680337343755
(0, 0)((1, 0), (1, 1)) : 0.019446184883507883
(0, 0)((1, 1), (0, 0)) : 0.0041811388584933286
(0, 0)((1, 1), (0, 1)) : 0.06261226793357316
(0, 0)((1, 1), (1, 0)) : 0.0022571680337346843
(0, 0)((1, 1), (1, 1)) : 0.01944618488350765
(0, 1)((0, 0), (0, 0)) : 0.0038932884794050447
(0, 1)((0, 0), (0, 1)) : 0.002867739752503277
(0, 1)((0, 0), (1, 0)) : 0.0029992215261991704
(0, 1)((0, 0), (1, 1)) : 0.004023360576007827
(0, 1)((0, 1), (0, 0)) : 0.003200542733711263
(0, 1)((0, 1), (0, 1)) : 0.004957299992382534
(0, 1)((0, 1), (1, 0)) : 0.004369850658971645
(0, 1)((0, 1), (1, 1)) : 0.03271172363865449
(0, 1)((1, 0), (0, 0)) : 0.005152256959262889
(0, 1)((1, 0), (0, 1)) : 0.004369850658972006
(0, 1)((1, 0), (1, 0)) : 0.004957299992383585
(0, 1)((1, 0), (1, 1)) : 0.017269472225780718
(0, 1)((1, 1), (0, 0)) : 0.0051432504054204735
(0, 1)((1, 1), (0, 1)) : 0.02047027096425434
(0, 1)((1, 1), (1, 0)) : 0.004988834294981273
(0, 1)((1, 1), (1, 1)) : 0.024638698303921975
(1, 0)((0, 0), (0, 0)) : 0.0038932884794051783
(1, 0)((0, 0), (0, 1)) : 0.005152256959263038
(1, 0)((0, 0), (1, 0)) : 0.0032005427337115475
(1, 0)((0, 0), (1, 1)) : 0.00514325040542053
(1, 0)((0, 1), (0, 0)) : 0.0029992215261987623
(1, 0)((0, 1), (0, 1)) : 0.004957299992382539
(1, 0)((0, 1), (1, 0)) : 0.004369850658972152
(1, 0)((0, 1), (1, 1)) : 0.004988834294982001
(1, 0)((1, 0), (0, 0)) : 0.0028677397525035645
(1, 0)((1, 0), (0, 1)) : 0.004369850658971736
(1, 0)((1, 0), (1, 0)) : 0.004957299992384217
(1, 0)((1, 0), (1, 1)) : 0.02047027096425674
(1, 0)((1, 1), (0, 0)) : 0.004023360576008361
(1, 0)((1, 1), (0, 1)) : 0.017269472225782605
(1, 0)((1, 1), (1, 0)) : 0.03271172363864552
(1, 0)((1, 1), (1, 1)) : 0.02463869830392021
(1, 1)((0, 0), (0, 0)) : 0.004181138858492807
(1, 1)((0, 0), (0, 1)) : 0.004181138858492865
(1, 1)((0, 0), (1, 0)) : 0.004181138858492856
(1, 1)((0, 0), (1, 1)) : 0.004181138858493084
(1, 1)((0, 1), (0, 0)) : 0.0022571680337347675
(1, 1)((0, 1), (0, 1)) : 0.0022571680337347675
(1, 1)((0, 1), (1, 0)) : 0.002257168033734774
(1, 1)((0, 1), (1, 1)) : 0.0022571680337348174
(1, 1)((1, 0), (0, 0)) : 0.06261226793356588
(1, 1)((1, 0), (0, 1)) : 0.06261226793356588
(1, 1)((1, 0), (1, 0)) : 0.06261226793356588
(1, 1)((1, 0), (1, 1)) : 0.06261226793356334
(1, 1)((1, 1), (0, 0)) : 0.019446184883503595
(1, 1)((1, 1), (0, 1)) : 0.019446184883503595
(1, 1)((1, 1), (1, 0)) : 0.019446184883503595
(1, 1)((1, 1), (1, 1)) : 0.019446184883503595