(0, 0)((0, 0), (0, 0)) : 0.013405586295525565
(0, 0)((0, 0), (0, 1)) : 0.06048448895841173
(0, 0)((0, 0), (1, 0)) : 0.004847314866736334
(0, 0)((0, 0), (1, 1)) : 0.008807471377011695
(0, 0)((0, 1), (0, 0)) : 0.013405586295525584
(0, 0)((0, 1), (0, 1)) : 0.06048448895841177
(0, 0)((0, 1), (1, 0)) : 0.004847314866736347
(0, 0)((0, 1), (1, 1)) : 0.008807471377011681
(0, 0)((1, 0), (0, 0)) : 0.013405586295525584
(0, 0)((1, 0), (0, 1)) : 0.06048448895841177
(0, 0)((1, 0), (1, 0)) : 0.004847314866736347
(0, 0)((1, 0), (1, 1)) : 0.008807471377011681
(0, 0)((1, 1), (0, 0)) : 0.013405586295525584
(0, 0)((1, 1), (0, 1)) : 0.06048448895841177
(0, 0)((1, 1), (1, 0)) : 0.004847314866736347
(0, 0)((1, 1), (1, 1)) : 0.008807471377011683
(0, 1)((0, 0), (0, 0)) : 0.011752481145694093
(0, 1)((0, 0), (0, 1)) : 0.006751322528391916
(0, 1)((0, 0), (1, 0)) : 0.007109921783352076
(0, 1)((0, 0), (1, 1)) : 0.006459289983489309
(0, 1)((0, 1), (0, 0)) : 0.007003995712601616
(0, 1)((0, 1), (0, 1)) : 0.007719223153443026
(0, 1)((0, 1), (1, 0)) : 0.005850056032033953
(0, 1)((0, 1), (1, 1)) : 0.02531287228037265
(0, 1)((1, 0), (0, 0)) : 0.010676339260913978
(0, 1)((1, 0), (0, 1)) : 0.0058500560320339495
(0, 1)((1, 0), (1, 0)) : 0.007719223153442998
(0, 1)((1, 0), (1, 1)) : 0.013172149644816143
(0, 1)((1, 1), (0, 0)) : 0.006325197251906096
(0, 1)((1, 1), (0, 1)) : 0.012388565992842538
(0, 1)((1, 1), (1, 0)) : 0.004087435114658988
(0, 1)((1, 1), (1, 1)) : 0.011642424939265051
(1, 0)((0, 0), (0, 0)) : 0.011752481145694093
(1, 0)((0, 0), (0, 1)) : 0.010676339260914007
(1, 0)((0, 0), (1, 0)) : 0.007003995712601604
(1, 0)((0, 0), (1, 1)) : 0.006325197251906091
(1, 0)((0, 1), (0, 0)) : 0.007109921783352083
(1, 0)((0, 1), (0, 1)) : 0.007719223153443024
(1, 0)((0, 1), (1, 0)) : 0.005850056032033954
(1, 0)((0, 1), (1, 1)) : 0.004087435114658988
(1, 0)((1, 0), (0, 0)) : 0.006751322528391907
(1, 0)((1, 0), (0, 1)) : 0.00585005603203396
(1, 0)((1, 0), (1, 0)) : 0.007719223153443006
(1, 0)((1, 0), (1, 1)) : 0.012388565992842585
(1, 0)((1, 1), (0, 0)) : 0.006459289983489323
(1, 0)((1, 1), (0, 1)) : 0.01317214964481623
(1, 0)((1, 1), (1, 0)) : 0.025312872280372566
(1, 0)((1, 1), (1, 1)) : 0.011642424939265051
(1, 1)((0, 0), (0, 0)) : 0.013405586295525565
(1, 1)((0, 0), (0, 1)) : 0.013405586295525565
(1, 1)((0, 0), (1, 0)) : 0.013405586295525565
(1, 1)((0, 0), (1, 1)) : 0.013405586295525565
(1, 1)((0, 1), (0, 0)) : 0.004847314866736357
(1, 1)((0, 1), (0, 1)) : 0.004847314866736357
(1, 1)((0, 1), (1, 0)) : 0.004847314866736357
(1, 1)((0, 1), (1, 1)) : 0.004847314866736357
(1, 1)((1, 0), (0, 0)) : 0.06048448895841181
(1, 1)((1, 0), (0, 1)) : 0.06048448895841181
(1, 1)((1, 0), (1, 0)) : 0.06048448895841181
(1, 1)((1, 0), (1, 1)) : 0.06048448895841181
(1, 1)((1, 1), (0, 0)) : 0.008807471377011681
(1, 1)((1, 1), (0, 1)) : 0.008807471377011683
(1, 1)((1, 1), (1, 0)) : 0.008807471377011687
(1, 1)((1, 1), (1, 1)) : 0.008807471377011683