(0, 0)((0, 0), (0, 0)) : 0.03119757583441226
(0, 0)((0, 0), (0, 1)) : 0.02072884506263462
(0, 0)((0, 0), (1, 0)) : 0.005249460758306573
(0, 0)((0, 0), (1, 1)) : 0.0014160726723623017
(0, 0)((0, 1), (0, 0)) : 0.03119757583439453
(0, 0)((0, 1), (0, 1)) : 0.020728845062638012
(0, 0)((0, 1), (1, 0)) : 0.0052494607583100615
(0, 0)((0, 1), (1, 1)) : 0.001416072672363138
(0, 0)((1, 0), (0, 0)) : 0.031197575834392272
(0, 0)((1, 0), (0, 1)) : 0.020728845062639865
(0, 0)((1, 0), (1, 0)) : 0.005249460758311464
(0, 0)((1, 0), (1, 1)) : 0.001416072672363063
(0, 0)((1, 1), (0, 0)) : 0.031197575834393084
(0, 0)((1, 1), (0, 1)) : 0.020728845062639892
(0, 0)((1, 1), (1, 0)) : 0.005249460758311458
(0, 0)((1, 1), (1, 1)) : 0.001416072672363041
(0, 1)((0, 0), (0, 0)) : 0.07979157882899776
(0, 1)((0, 0), (0, 1)) : 0.025309292454676943
(0, 1)((0, 0), (1, 0)) : 0.033016585462791855
(0, 1)((0, 0), (1, 1)) : 0.024787570803237777
(0, 1)((0, 1), (0, 0)) : 0.015378165326761352
(0, 1)((0, 1), (0, 1)) : 0.011328682374041091
(0, 1)((0, 1), (1, 0)) : 0.008070406020970037
(0, 1)((0, 1), (1, 1)) : 0.007963855055126267
(0, 1)((1, 0), (0, 0)) : 0.025637890168432466
(0, 1)((1, 0), (0, 1)) : 0.008070406020972585
(0, 1)((1, 0), (1, 0)) : 0.011328682374039674
(0, 1)((1, 0), (1, 1)) : 0.006520058764914045
(0, 1)((1, 1), (0, 0)) : 0.004062375732640737
(0, 1)((1, 1), (0, 1)) : 0.0023609478718526105
(0, 1)((1, 1), (1, 0)) : 0.0013570891953378524
(0, 1)((1, 1), (1, 1)) : 0.0006485962343731026
(1, 0)((0, 0), (0, 0)) : 0.07979157882900018
(1, 0)((0, 0), (0, 1)) : 0.025637890168433344
(1, 0)((0, 0), (1, 0)) : 0.015378165326760533
(1, 0)((0, 0), (1, 1)) : 0.00406237573264078
(1, 0)((0, 1), (0, 0)) : 0.03301658546279476
(1, 0)((0, 1), (0, 1)) : 0.011328682374041403
(1, 0)((0, 1), (1, 0)) : 0.008070406020970826
(1, 0)((0, 1), (1, 1)) : 0.0013570891953383884
(1, 0)((1, 0), (0, 0)) : 0.02530929245467558
(1, 0)((1, 0), (0, 1)) : 0.008070406020970313
(1, 0)((1, 0), (1, 0)) : 0.011328682374039382
(1, 0)((1, 0), (1, 1)) : 0.002360947871851835
(1, 0)((1, 1), (0, 0)) : 0.02478757080323751
(1, 0)((1, 1), (0, 1)) : 0.006520058764913156
(1, 0)((1, 1), (1, 0)) : 0.007963855055126538
(1, 0)((1, 1), (1, 1)) : 0.0006485962343731
(1, 1)((0, 0), (0, 0)) : 0.031197575834393948
(1, 1)((0, 0), (0, 1)) : 0.031197575834394788
(1, 1)((0, 0), (1, 0)) : 0.031197575834394867
(1, 1)((0, 0), (1, 1)) : 0.031197575834395554
(1, 1)((0, 1), (0, 0)) : 0.0052494607583131875
(1, 1)((0, 1), (0, 1)) : 0.005249460758313168
(1, 1)((0, 1), (1, 0)) : 0.005249460758313167
(1, 1)((0, 1), (1, 1)) : 0.005249460758313117
(1, 1)((1, 0), (0, 0)) : 0.020728845062636954
(1, 1)((1, 0), (0, 1)) : 0.02072884506263731
(1, 1)((1, 0), (1, 0)) : 0.020728845062637453
(1, 1)((1, 0), (1, 1)) : 0.020728845062637394
(1, 1)((1, 1), (0, 0)) : 0.0014160726723625079
(1, 1)((1, 1), (0, 1)) : 0.0014160726723623977
(1, 1)((1, 1), (1, 0)) : 0.0014160726723624522
(1, 1)((1, 1), (1, 1)) : 0.0014160726723622642