(0, 0)((0, 0), (0, 0)) : 0.017003265185935243
(0, 0)((0, 0), (0, 1)) : 0.04405856632824698
(0, 0)((0, 0), (1, 0)) : 0.004928025074659737
(0, 0)((0, 0), (1, 1)) : 0.00450826224591284
(0, 0)((0, 1), (0, 0)) : 0.01700326518593906
(0, 0)((0, 1), (0, 1)) : 0.04405856632825176
(0, 0)((0, 1), (1, 0)) : 0.004928025074660928
(0, 0)((0, 1), (1, 1)) : 0.00450826224590947
(0, 0)((1, 0), (0, 0)) : 0.017003265185938275
(0, 0)((1, 0), (0, 1)) : 0.044058566328250455
(0, 0)((1, 0), (1, 0)) : 0.0049280250746608885
(0, 0)((1, 0), (1, 1)) : 0.0045082622459094715
(0, 0)((1, 1), (0, 0)) : 0.01700326518593831
(0, 0)((1, 1), (0, 1)) : 0.044058566328251406
(0, 0)((1, 1), (1, 0)) : 0.0049280250746607844
(0, 0)((1, 1), (1, 1)) : 0.004508262245909477
(0, 1)((0, 0), (0, 0)) : 0.02183798600924909
(0, 1)((0, 0), (0, 1)) : 0.010672858392306467
(0, 1)((0, 0), (1, 0)) : 0.01447108319140802
(0, 1)((0, 0), (1, 1)) : 0.016029025152327275
(0, 1)((0, 1), (0, 0)) : 0.012939983631705967
(0, 1)((0, 1), (0, 1)) : 0.015782671738404353
(0, 1)((0, 1), (1, 0)) : 0.01153298450998282
(0, 1)((0, 1), (1, 1)) : 0.017743064964110395
(0, 1)((1, 0), (0, 0)) : 0.028193180480556274
(0, 1)((1, 0), (0, 1)) : 0.011532984509977785
(0, 1)((1, 0), (1, 0)) : 0.015782671738392293
(0, 1)((1, 0), (1, 1)) : 0.013458476274024193
(0, 1)((1, 1), (0, 0)) : 0.009962147694875715
(0, 1)((1, 1), (0, 1)) : 0.009402317650798837
(0, 1)((1, 1), (1, 0)) : 0.004441478350194096
(0, 1)((1, 1), (1, 1)) : 0.004224610372746451
(1, 0)((0, 0), (0, 0)) : 0.021837986009249397
(1, 0)((0, 0), (0, 1)) : 0.028193180480566245
(1, 0)((0, 0), (1, 0)) : 0.012939983631698437
(1, 0)((0, 0), (1, 1)) : 0.009962147694872548
(1, 0)((0, 1), (0, 0)) : 0.014471083191411471
(1, 0)((0, 1), (0, 1)) : 0.015782671738402407
(1, 0)((0, 1), (1, 0)) : 0.011532984509976463
(1, 0)((0, 1), (1, 1)) : 0.004441478350193229
(1, 0)((1, 0), (0, 0)) : 0.01067285839230347
(1, 0)((1, 0), (0, 1)) : 0.011532984509982289
(1, 0)((1, 0), (1, 0)) : 0.015782671738390208
(1, 0)((1, 0), (1, 1)) : 0.009402317650800426
(1, 0)((1, 1), (0, 0)) : 0.01602902515232556
(1, 0)((1, 1), (0, 1)) : 0.01345847627403267
(1, 0)((1, 1), (1, 0)) : 0.01774306496409289
(1, 0)((1, 1), (1, 1)) : 0.004224610372746504
(1, 1)((0, 0), (0, 0)) : 0.01700326518593182
(1, 1)((0, 0), (0, 1)) : 0.01700326518593182
(1, 1)((0, 0), (1, 0)) : 0.01700326518593182
(1, 1)((0, 0), (1, 1)) : 0.01700326518593182
(1, 1)((0, 1), (0, 0)) : 0.00492802507465522
(1, 1)((0, 1), (0, 1)) : 0.004928025074655222
(1, 1)((0, 1), (1, 0)) : 0.004928025074655222
(1, 1)((0, 1), (1, 1)) : 0.004928025074655222
(1, 1)((1, 0), (0, 0)) : 0.044058566328220736
(1, 1)((1, 0), (0, 1)) : 0.044058566328220736
(1, 1)((1, 0), (1, 0)) : 0.044058566328220736
(1, 1)((1, 0), (1, 1)) : 0.044058566328220715
(1, 1)((1, 1), (0, 0)) : 0.004508262245907325
(1, 1)((1, 1), (0, 1)) : 0.004508262245907341
(1, 1)((1, 1), (1, 0)) : 0.004508262245907481
(1, 1)((1, 1), (1, 1)) : 0.004508262245907471