(0, 0)((0, 0), (0, 0)) : 0.02406080365181643
(0, 0)((0, 0), (0, 1)) : 0.03395977618614991
(0, 0)((0, 0), (1, 0)) : 0.0056198890125575135
(0, 0)((0, 0), (1, 1)) : 0.0026771453793262207
(0, 0)((0, 1), (0, 0)) : 0.024060803651824926
(0, 0)((0, 1), (0, 1)) : 0.03395977618615994
(0, 0)((0, 1), (1, 0)) : 0.005619889012558436
(0, 0)((0, 1), (1, 1)) : 0.002677145379326409
(0, 0)((1, 0), (0, 0)) : 0.02406080365182579
(0, 0)((1, 0), (0, 1)) : 0.03395977618615935
(0, 0)((1, 0), (1, 0)) : 0.005619889012558479
(0, 0)((1, 0), (1, 1)) : 0.0026771453793263717
(0, 0)((1, 1), (0, 0)) : 0.024060803651825908
(0, 0)((1, 1), (0, 1)) : 0.033959776186160064
(0, 0)((1, 1), (1, 0)) : 0.005619889012558517
(0, 0)((1, 1), (1, 1)) : 0.002677145379326388
(0, 1)((0, 0), (0, 0)) : 0.03918673768501021
(0, 1)((0, 0), (0, 1)) : 0.016029175836160436
(0, 1)((0, 0), (1, 0)) : 0.021394281333603157
(0, 1)((0, 0), (1, 1)) : 0.019787252058712405
(0, 1)((0, 1), (0, 0)) : 0.015411327529579457
(0, 1)((0, 1), (0, 1)) : 0.015008387248179855
(0, 1)((0, 1), (1, 0)) : 0.010654160260481644
(0, 1)((0, 1), (1, 1)) : 0.01344457353118361
(0, 1)((1, 0), (0, 0)) : 0.03018276332833413
(0, 1)((1, 0), (0, 1)) : 0.01065416026048206
(0, 1)((1, 0), (1, 0)) : 0.01500838724818012
(0, 1)((1, 0), (1, 1)) : 0.010546066542884576
(0, 1)((1, 1), (0, 0)) : 0.007247911564499613
(0, 1)((1, 1), (0, 1)) : 0.005429312897203764
(0, 1)((1, 1), (1, 0)) : 0.0027905925252538913
(0, 1)((1, 1), (1, 1)) : 0.001954453230790201
(1, 0)((0, 0), (0, 0)) : 0.03918673768500974
(1, 0)((0, 0), (0, 1)) : 0.03018276332833341
(1, 0)((0, 0), (1, 0)) : 0.015411327529579744
(1, 0)((0, 0), (1, 1)) : 0.007247911564499716
(1, 0)((0, 1), (0, 0)) : 0.021394281333601474
(1, 0)((0, 1), (0, 1)) : 0.015008387248179893
(1, 0)((0, 1), (1, 0)) : 0.01065416026048265
(1, 0)((0, 1), (1, 1)) : 0.002790592525254329
(1, 0)((1, 0), (0, 0)) : 0.016029175836162216
(1, 0)((1, 0), (0, 1)) : 0.010654160260481802
(1, 0)((1, 0), (1, 0)) : 0.015008387248180936
(1, 0)((1, 0), (1, 1)) : 0.005429312897203588
(1, 0)((1, 1), (0, 0)) : 0.019787252058713675
(1, 0)((1, 1), (0, 1)) : 0.010546066542889176
(1, 0)((1, 1), (1, 0)) : 0.013444573531185479
(1, 0)((1, 1), (1, 1)) : 0.0019544532307902342
(1, 1)((0, 0), (0, 0)) : 0.024060803651823136
(1, 1)((0, 0), (0, 1)) : 0.02406080365182316
(1, 1)((0, 0), (1, 0)) : 0.024060803651823472
(1, 1)((0, 0), (1, 1)) : 0.02406080365182347
(1, 1)((0, 1), (0, 0)) : 0.0056198890125585136
(1, 1)((0, 1), (0, 1)) : 0.005619889012558516
(1, 1)((0, 1), (1, 0)) : 0.005619889012558516
(1, 1)((0, 1), (1, 1)) : 0.005619889012558509
(1, 1)((1, 0), (0, 0)) : 0.03395977618615596
(1, 1)((1, 0), (0, 1)) : 0.03395977618615511
(1, 1)((1, 0), (1, 0)) : 0.03395977618615511
(1, 1)((1, 0), (1, 1)) : 0.03395977618615528
(1, 1)((1, 1), (0, 0)) : 0.0026771453793258118
(1, 1)((1, 1), (0, 1)) : 0.002677145379325845
(1, 1)((1, 1), (1, 0)) : 0.002677145379325864
(1, 1)((1, 1), (1, 1)) : 0.0026771453793258525