[1, 1, 1, 1, 1]  :  0.00780499
[1, 0, 1, 1, 1]  :  0.00780499
[0, 1, 1, 1, 1]  :  0.00780499
[0, 0, 1, 1, 1]  :  0.00780499
[1, 1, 1, 1, 0]  :  0.00658999
[1, 0, 1, 1, 0]  :  0.06316632
[0, 1, 1, 1, 0]  :  0.00491153
[0, 0, 1, 1, 0]  :  0.06207736
[1, 1, 1, 0, 1]  :  0.00534132
[1, 0, 1, 0, 1]  :  0.00234806
[0, 1, 1, 0, 1]  :  0.00234806
[0, 0, 1, 0, 1]  :  0.00534132
[1, 1, 1, 0, 0]  :  0.00576776
[1, 0, 1, 0, 0]  :  0.01510554
[0, 1, 1, 0, 0]  :  0.00669794
[0, 0, 1, 0, 0]  :  0.06340211
[1, 1, 0, 1, 1]  :  0.06207736
[1, 0, 0, 1, 1]  :  0.00491153
[0, 1, 0, 1, 1]  :  0.06316632
[0, 0, 0, 1, 1]  :  0.00658999
[1, 1, 0, 1, 0]  :  0.0614895
[1, 0, 0, 1, 0]  :  0.05731301
[0, 1, 0, 1, 0]  :  0.05731301
[0, 0, 0, 1, 0]  :  0.0614895
[1, 1, 0, 0, 1]  :  0.06340211
[1, 0, 0, 0, 1]  :  0.00669794
[0, 1, 0, 0, 1]  :  0.01510554
[0, 0, 0, 0, 1]  :  0.00576776
[1, 1, 0, 0, 0]  :  0.06508979
[1, 0, 0, 0, 0]  :  0.06508979
[0, 1, 0, 0, 0]  :  0.06508979
[0, 0, 0, 0, 0]  :  0.06508979