[0 0][(0, 0) (0, 0)] : 0.023993555792955087
[0 0][(0, 0) (0, 1)] : 0.033903187930520266
[0 0][(0, 0) (1, 0)] : 0.005611167986189418
[0 0][(0, 0) (1, 1)] : 0.002680467338037164
[0 0][(0, 1) (0, 0)] : 0.023993555792957897
[0 0][(0, 1) (0, 1)] : 0.033903187930518316
[0 0][(0, 1) (1, 0)] : 0.00561116798619091
[0 0][(0, 1) (1, 1)] : 0.002680467338037506
[0 0][(1, 0) (0, 0)] : 0.023993555792959316
[0 0][(1, 0) (0, 1)] : 0.033903187930519246
[0 0][(1, 0) (1, 0)] : 0.00561116798619094
[0 0][(1, 0) (1, 1)] : 0.0026804673380375122
[0 0][(1, 1) (0, 0)] : 0.023993555792959267
[0 0][(1, 1) (0, 1)] : 0.03390318793051923
[0 0][(1, 1) (1, 0)] : 0.005611167986190984
[0 0][(1, 1) (1, 1)] : 0.0026804673380375218
[0 1][(0, 0) (0, 0)] : 0.039090943887815754
[0 1][(0, 0) (0, 1)] : 0.016330538916664115
[0 1][(0, 0) (1, 0)] : 0.02271320958173525
[0 1][(0, 0) (1, 1)] : 0.019582977510242752
[0 1][(0, 1) (0, 0)] : 0.016050588708179363
[0 1][(0, 1) (0, 1)] : 0.015027039163352887
[0 1][(0, 1) (1, 0)] : 0.010663807169952867
[0 1][(0, 1) (1, 1)] : 0.013277956545068897
[0 1][(1, 0) (0, 0)] : 0.029662894573163904
[0 1][(1, 0) (0, 1)] : 0.010663807169952714
[0 1][(1, 0) (1, 0)] : 0.015027039163353977
[0 1][(1, 0) (1, 1)] : 0.010040750685485869
[0 1][(1, 1) (0, 0)] : 0.007163062794197621
[0 1][(1, 1) (0, 1)] : 0.005176830919328055
[0 1][(1, 1) (1, 0)] : 0.002823656644701085
[0 1][(1, 1) (1, 1)] : 0.0019513803759756857
[1 0][(0, 0) (0, 0)] : 0.039090943887816136
[1 0][(0, 0) (0, 1)] : 0.029662894573163668
[1 0][(0, 0) (1, 0)] : 0.016050588708179755
[1 0][(0, 0) (1, 1)] : 0.0071630627941977444
[1 0][(0, 1) (0, 0)] : 0.02271320958173468
[1 0][(0, 1) (0, 1)] : 0.015027039163353552
[1 0][(0, 1) (1, 0)] : 0.010663807169952794
[1 0][(0, 1) (1, 1)] : 0.0028236566447010125
[1 0][(1, 0) (0, 0)] : 0.016330538916663674
[1 0][(1, 0) (0, 1)] : 0.010663807169952839
[1 0][(1, 0) (1, 0)] : 0.015027039163354012
[1 0][(1, 0) (1, 1)] : 0.00517683091932849
[1 0][(1, 1) (0, 0)] : 0.01958297751024248
[1 0][(1, 1) (0, 1)] : 0.010040750685485534
[1 0][(1, 1) (1, 0)] : 0.01327795654506864
[1 0][(1, 1) (1, 1)] : 0.001951380375975641
[1 1][(0, 0) (0, 0)] : 0.023993555792959642
[1 1][(0, 0) (0, 1)] : 0.023993555792959434
[1 1][(0, 0) (1, 0)] : 0.023993555792959333
[1 1][(0, 0) (1, 1)] : 0.02399355579295937
[1 1][(0, 1) (0, 0)] : 0.005611167986191704
[1 1][(0, 1) (0, 1)] : 0.005611167986191706
[1 1][(0, 1) (1, 0)] : 0.005611167986191706
[1 1][(0, 1) (1, 1)] : 0.005611167986191668
[1 1][(1, 0) (0, 0)] : 0.03390318793052072
[1 1][(1, 0) (0, 1)] : 0.03390318793052053
[1 1][(1, 0) (1, 0)] : 0.03390318793052067
[1 1][(1, 0) (1, 1)] : 0.03390318793052049
[1 1][(1, 1) (0, 0)] : 0.0026804673380377325
[1 1][(1, 1) (0, 1)] : 0.002680467338037754
[1 1][(1, 1) (1, 0)] : 0.0026804673380377416
[1 1][(1, 1) (1, 1)] : 0.002680467338037766