[0 0][(0, 0) (0, 0)] : 0.023868172746503633
[0 0][(0, 0) (0, 1)] : 0.03380819762195039
[0 0][(0, 0) (1, 0)] : 0.005597736877397631
[0 0][(0, 0) (1, 1)] : 0.0026910486714004497
[0 0][(0, 1) (0, 0)] : 0.02386817274650828
[0 0][(0, 1) (0, 1)] : 0.033808197621952044
[0 0][(0, 1) (1, 0)] : 0.005597736877398701
[0 0][(0, 1) (1, 1)] : 0.0026910486713997627
[0 0][(1, 0) (0, 0)] : 0.023868172746509257
[0 0][(1, 0) (0, 1)] : 0.03380819762195201
[0 0][(1, 0) (1, 0)] : 0.005597736877398601
[0 0][(1, 0) (1, 1)] : 0.002691048671399762
[0 0][(1, 1) (0, 0)] : 0.0238681727465093
[0 0][(1, 1) (0, 1)] : 0.033808197621951974
[0 0][(1, 1) (1, 0)] : 0.005597736877398665
[0 0][(1, 1) (1, 1)] : 0.0026910486713997562
[0 1][(0, 0) (0, 0)] : 0.03888811085168228
[0 1][(0, 0) (0, 1)] : 0.01759245978060301
[0 1][(0, 0) (1, 0)] : 0.025106088142089658
[0 1][(0, 0) (1, 1)] : 0.019067411978444426
[0 1][(0, 1) (0, 0)] : 0.01719221172165064
[0 1][(0, 1) (0, 1)] : 0.015128083135582964
[0 1][(0, 1) (1, 0)] : 0.010733775098666794
[0 1][(0, 1) (1, 1)] : 0.012556101850682245
[0 1][(1, 0) (0, 0)] : 0.027975672570559492
[0 1][(1, 0) (0, 1)] : 0.01073377509866738
[0 1][(1, 0) (1, 0)] : 0.015128083135581614
[0 1][(1, 0) (1, 1)] : 0.00925024294176354
[0 1][(1, 1) (0, 0)] : 0.007048788115792496
[0 1][(1, 1) (0, 1)] : 0.004815836977232201
[0 1][(1, 1) (1, 0)] : 0.0029786062683483925
[0 1][(1, 1) (1, 1)] : 0.0019441286636157685
[1 0][(0, 0) (0, 0)] : 0.03888811085168321
[1 0][(0, 0) (0, 1)] : 0.027975672570559145
[1 0][(0, 0) (1, 0)] : 0.017192211721650218
[1 0][(0, 0) (1, 1)] : 0.007048788115792483
[1 0][(0, 1) (0, 0)] : 0.025106088142090196
[1 0][(0, 1) (0, 1)] : 0.015128083135582823
[1 0][(0, 1) (1, 0)] : 0.010733775098667346
[1 0][(0, 1) (1, 1)] : 0.0029786062683486614
[1 0][(1, 0) (0, 0)] : 0.017592459780602095
[1 0][(1, 0) (0, 1)] : 0.01073377509866706
[1 0][(1, 0) (1, 0)] : 0.015128083135580951
[1 0][(1, 0) (1, 1)] : 0.004815836977231826
[1 0][(1, 1) (0, 0)] : 0.01906741197844436
[1 0][(1, 1) (0, 1)] : 0.009250242941762325
[1 0][(1, 1) (1, 0)] : 0.0125561018506814
[1 0][(1, 1) (1, 1)] : 0.0019441286636157887
[1 1][(0, 0) (0, 0)] : 0.02386817274651067
[1 1][(0, 0) (0, 1)] : 0.023868172746510742
[1 1][(0, 0) (1, 0)] : 0.023868172746510197
[1 1][(0, 0) (1, 1)] : 0.023868172746510156
[1 1][(0, 1) (0, 0)] : 0.005597736877398757
[1 1][(0, 1) (0, 1)] : 0.005597736877398749
[1 1][(0, 1) (1, 0)] : 0.005597736877398764
[1 1][(0, 1) (1, 1)] : 0.005597736877398767
[1 1][(1, 0) (0, 0)] : 0.03380819762195321
[1 1][(1, 0) (0, 1)] : 0.03380819762195324
[1 1][(1, 0) (1, 0)] : 0.03380819762195324
[1 1][(1, 0) (1, 1)] : 0.03380819762195343
[1 1][(1, 1) (0, 0)] : 0.0026910486713992397
[1 1][(1, 1) (0, 1)] : 0.002691048671399233
[1 1][(1, 1) (1, 0)] : 0.002691048671399233
[1 1][(1, 1) (1, 1)] : 0.0026910486713992367