[0 0][(0, 0) (0, 0)] : 0.02406080365181768
[0 0][(0, 0) (0, 1)] : 0.03395977618615619
[0 0][(0, 0) (1, 0)] : 0.005619889012560132
[0 0][(0, 0) (1, 1)] : 0.0026771453793257905
[0 0][(0, 1) (0, 0)] : 0.024060803651825148
[0 0][(0, 1) (0, 1)] : 0.03395977618615637
[0 0][(0, 1) (1, 0)] : 0.005619889012558678
[0 0][(0, 1) (1, 1)] : 0.0026771453793253967
[0 0][(1, 0) (0, 0)] : 0.024060803651823948
[0 0][(1, 0) (0, 1)] : 0.03395977618615619
[0 0][(1, 0) (1, 0)] : 0.005619889012558792
[0 0][(1, 0) (1, 1)] : 0.0026771453793253946
[0 0][(1, 1) (0, 0)] : 0.024060803651823937
[0 0][(1, 1) (0, 1)] : 0.03395977618615581
[0 0][(1, 1) (1, 0)] : 0.0056198890125587295
[0 0][(1, 1) (1, 1)] : 0.002677145379325399
[0 1][(0, 0) (0, 0)] : 0.039186737685005045
[0 1][(0, 0) (0, 1)] : 0.016029175836161404
[0 1][(0, 0) (1, 0)] : 0.021394281333602105
[0 1][(0, 0) (1, 1)] : 0.019787252058712953
[0 1][(0, 1) (0, 0)] : 0.015411327529579138
[0 1][(0, 1) (0, 1)] : 0.015008387248180793
[0 1][(0, 1) (1, 0)] : 0.010654160260482132
[0 1][(0, 1) (1, 1)] : 0.013444573531182464
[0 1][(1, 0) (0, 0)] : 0.03018276332833224
[0 1][(1, 0) (0, 1)] : 0.010654160260482394
[0 1][(1, 0) (1, 0)] : 0.015008387248181133
[0 1][(1, 0) (1, 1)] : 0.010546066542890654
[0 1][(1, 1) (0, 0)] : 0.007247911564500002
[0 1][(1, 1) (0, 1)] : 0.00542931289720464
[0 1][(1, 1) (1, 0)] : 0.0027905925252537335
[0 1][(1, 1) (1, 1)] : 0.001954453230792141
[1 0][(0, 0) (0, 0)] : 0.03918673768500565
[1 0][(0, 0) (0, 1)] : 0.030182763328332207
[1 0][(0, 0) (1, 0)] : 0.015411327529579204
[1 0][(0, 0) (1, 1)] : 0.007247911564500008
[1 0][(0, 1) (0, 0)] : 0.021394281333602203
[1 0][(0, 1) (0, 1)] : 0.015008387248180242
[1 0][(0, 1) (1, 0)] : 0.010654160260482269
[1 0][(0, 1) (1, 1)] : 0.0027905925252544777
[1 0][(1, 0) (0, 0)] : 0.01602917583616154
[1 0][(1, 0) (0, 1)] : 0.010654160260482276
[1 0][(1, 0) (1, 0)] : 0.015008387248181838
[1 0][(1, 0) (1, 1)] : 0.005429312897203966
[1 0][(1, 1) (0, 0)] : 0.019787252058712852
[1 0][(1, 1) (0, 1)] : 0.010546066542889525
[1 0][(1, 1) (1, 0)] : 0.01344457353118328
[1 0][(1, 1) (1, 1)] : 0.0019544532307921043
[1 1][(0, 0) (0, 0)] : 0.024060803651823785
[1 1][(0, 0) (0, 1)] : 0.02406080365182369
[1 1][(0, 0) (1, 0)] : 0.024060803651823996
[1 1][(0, 0) (1, 1)] : 0.024060803651823913
[1 1][(0, 1) (0, 0)] : 0.005619889012558974
[1 1][(0, 1) (0, 1)] : 0.005619889012558934
[1 1][(0, 1) (1, 0)] : 0.005619889012558961
[1 1][(0, 1) (1, 1)] : 0.0056198890125589655
[1 1][(1, 0) (0, 0)] : 0.03395977618615846
[1 1][(1, 0) (0, 1)] : 0.03395977618615744
[1 1][(1, 0) (1, 0)] : 0.03395977618615744
[1 1][(1, 0) (1, 1)] : 0.03395977618615745
[1 1][(1, 1) (0, 0)] : 0.002677145379324557
[1 1][(1, 1) (0, 1)] : 0.0026771453793243078
[1 1][(1, 1) (1, 0)] : 0.0026771453793245667
[1 1][(1, 1) (1, 1)] : 0.002677145379324418