[0 0][(0, 0) (0, 0)] : 0.023463334057024228
[0 0][(0, 0) (0, 1)] : 0.033497257874013406
[0 0][(0, 0) (1, 0)] : 0.005546801973475968
[0 0][(0, 0) (1, 1)] : 0.002728629561877306
[0 0][(0, 1) (0, 0)] : 0.02346333405702
[0 0][(0, 1) (0, 1)] : 0.03349725787401046
[0 0][(0, 1) (1, 0)] : 0.005546801973474275
[0 0][(0, 1) (1, 1)] : 0.0027286295618779346
[0 0][(1, 0) (0, 0)] : 0.023463334057018618
[0 0][(1, 0) (0, 1)] : 0.03349725787401067
[0 0][(1, 0) (1, 0)] : 0.0055468019734741655
[0 0][(1, 0) (1, 1)] : 0.0027286295618779333
[0 0][(1, 1) (0, 0)] : 0.023463334057018885
[0 0][(1, 1) (0, 1)] : 0.03349725787401068
[0 0][(1, 1) (1, 0)] : 0.0055468019734742175
[0 0][(1, 1) (1, 1)] : 0.0027286295618778908
[0 1][(0, 0) (0, 0)] : 0.03793611334586896
[0 1][(0, 0) (0, 1)] : 0.02889225861362887
[0 1][(0, 0) (1, 0)] : 0.028892258613629006
[0 1][(0, 0) (1, 1)] : 0.01744565939998477
[0 1][(0, 1) (0, 0)] : 0.020379813506492456
[0 1][(0, 1) (0, 1)] : 0.015216761717083385
[0 1][(0, 1) (1, 0)] : 0.010796010915830207
[0 1][(0, 1) (1, 1)] : 0.007805523459166429
[0 1][(1, 0) (0, 0)] : 0.020379813506493392
[0 1][(1, 0) (0, 1)] : 0.010796010915831825
[0 1][(1, 0) (1, 0)] : 0.015216761717084075
[0 1][(1, 0) (1, 1)] : 0.007805523459166184
[0 1][(1, 1) (0, 0)] : 0.007243757002151964
[0 1][(1, 1) (0, 1)] : 0.004175336903349142
[0 1][(1, 1) (1, 0)] : 0.004175336903347952
[0 1][(1, 1) (1, 1)] : 0.0018989661553595713
[1 0][(0, 0) (0, 0)] : 0.03793611334586854
[1 0][(0, 0) (0, 1)] : 0.02037981350649269
[1 0][(0, 0) (1, 0)] : 0.02037981350649317
[1 0][(0, 0) (1, 1)] : 0.007243757002152011
[1 0][(0, 1) (0, 0)] : 0.02889225861362898
[1 0][(0, 1) (0, 1)] : 0.015216761717083626
[1 0][(0, 1) (1, 0)] : 0.010796010915831707
[1 0][(0, 1) (1, 1)] : 0.004175336903349127
[1 0][(1, 0) (0, 0)] : 0.0288922586136287
[1 0][(1, 0) (0, 1)] : 0.010796010915830323
[1 0][(1, 0) (1, 0)] : 0.015216761717083789
[1 0][(1, 0) (1, 1)] : 0.004175336903347874
[1 0][(1, 1) (0, 0)] : 0.017445659399984645
[1 0][(1, 1) (0, 1)] : 0.007805523459166349
[1 0][(1, 1) (1, 0)] : 0.007805523459167145
[1 0][(1, 1) (1, 1)] : 0.0018989661553595555
[1 1][(0, 0) (0, 0)] : 0.02346333405701954
[1 1][(0, 0) (0, 1)] : 0.023463334057019218
[1 1][(0, 0) (1, 0)] : 0.023463334057019766
[1 1][(0, 0) (1, 1)] : 0.023463334057019794
[1 1][(0, 1) (0, 0)] : 0.005546801973474815
[1 1][(0, 1) (0, 1)] : 0.005546801973474821
[1 1][(0, 1) (1, 0)] : 0.00554680197347481
[1 1][(0, 1) (1, 1)] : 0.005546801973474807
[1 1][(1, 0) (0, 0)] : 0.03349725787401235
[1 1][(1, 0) (0, 1)] : 0.03349725787401237
[1 1][(1, 0) (1, 0)] : 0.03349725787401154
[1 1][(1, 0) (1, 1)] : 0.03349725787401258
[1 1][(1, 1) (0, 0)] : 0.0027286295618751317
[1 1][(1, 1) (0, 1)] : 0.0027286295618751235
[1 1][(1, 1) (1, 0)] : 0.002728629561875111
[1 1][(1, 1) (1, 1)] : 0.0027286295618751746