[0 0][(0, 0) (0, 0)] : 0.02410159484716243
[0 0][(0, 0) (0, 1)] : 0.033988314482311
[0 0][(0, 0) (1, 0)] : 0.005624120513382873
[0 0][(0, 0) (1, 1)] : 0.0026745891549724283
[0 0][(0, 1) (0, 0)] : 0.024101594847157678
[0 0][(0, 1) (0, 1)] : 0.03398831448231087
[0 0][(0, 1) (1, 0)] : 0.005624120513380896
[0 0][(0, 1) (1, 1)] : 0.0026745891549733143
[0 0][(1, 0) (0, 0)] : 0.024101594847158413
[0 0][(1, 0) (0, 1)] : 0.03398831448231135
[0 0][(1, 0) (1, 0)] : 0.00562412051338095
[0 0][(1, 0) (1, 1)] : 0.002674589154973341
[0 0][(1, 1) (0, 0)] : 0.024101594847158257
[0 0][(1, 1) (0, 1)] : 0.03398831448231122
[0 0][(1, 1) (1, 0)] : 0.005624120513381033
[0 0][(1, 1) (1, 1)] : 0.0026745891549733473
[0 1][(0, 0) (0, 0)] : 0.039240054502239954
[0 1][(0, 0) (0, 1)] : 0.015896927781233763
[0 1][(0, 0) (1, 0)] : 0.02052870690736647
[0 1][(0, 0) (1, 1)] : 0.01989507336520135
[0 1][(0, 1) (0, 0)] : 0.014987462172595055
[0 1][(0, 1) (0, 1)] : 0.015002958651615649
[0 1][(0, 1) (1, 0)] : 0.010653315761903164
[0 1][(0, 1) (1, 1)] : 0.01350452131201434
[0 1][(1, 0) (0, 0)] : 0.03053494365674185
[0 1][(1, 0) (0, 1)] : 0.010653315761904432
[0 1][(1, 0) (1, 0)] : 0.015002958651616636
[0 1][(1, 0) (1, 1)] : 0.010906200484299102
[0 1][(1, 1) (0, 0)] : 0.0073059628428220795
[0 1][(1, 1) (0, 1)] : 0.005610178091997719
[0 1][(1, 1) (1, 0)] : 0.002767336987211783
[0 1][(1, 1) (1, 1)] : 0.001955607077938632
[1 0][(0, 0) (0, 0)] : 0.0392400545022398
[1 0][(0, 0) (0, 1)] : 0.030534943656741205
[1 0][(0, 0) (1, 0)] : 0.01498746217259553
[1 0][(0, 0) (1, 1)] : 0.007305962842821943
[1 0][(0, 1) (0, 0)] : 0.020528706907365604
[1 0][(0, 1) (0, 1)] : 0.015002958651615312
[1 0][(0, 1) (1, 0)] : 0.010653315761904125
[1 0][(0, 1) (1, 1)] : 0.002767336987211821
[1 0][(1, 0) (0, 0)] : 0.015896927781233798
[1 0][(1, 0) (0, 1)] : 0.010653315761903122
[1 0][(1, 0) (1, 0)] : 0.015002958651616004
[1 0][(1, 0) (1, 1)] : 0.0056101780919978325
[1 0][(1, 1) (0, 0)] : 0.01989507336520131
[1 0][(1, 1) (0, 1)] : 0.010906200484298141
[1 0][(1, 1) (1, 0)] : 0.013504521312015834
[1 0][(1, 1) (1, 1)] : 0.0019556070779386827
[1 1][(0, 0) (0, 0)] : 0.024101594847157907
[1 1][(0, 0) (0, 1)] : 0.02410159484715774
[1 1][(0, 0) (1, 0)] : 0.02410159484715853
[1 1][(0, 0) (1, 1)] : 0.024101594847158164
[1 1][(0, 1) (0, 0)] : 0.005624120513380991
[1 1][(0, 1) (0, 1)] : 0.005624120513380988
[1 1][(0, 1) (1, 0)] : 0.005624120513381036
[1 1][(0, 1) (1, 1)] : 0.005624120513381036
[1 1][(1, 0) (0, 0)] : 0.03398831448231327
[1 1][(1, 0) (0, 1)] : 0.03398831448231205
[1 1][(1, 0) (1, 0)] : 0.03398831448231184
[1 1][(1, 0) (1, 1)] : 0.033988314482312064
[1 1][(1, 1) (0, 0)] : 0.0026745891549732454
[1 1][(1, 1) (0, 1)] : 0.0026745891549732454
[1 1][(1, 1) (1, 0)] : 0.002674589154973251
[1 1][(1, 1) (1, 1)] : 0.0026745891549732497