[[["R", "L"], ["D", "D"]], [0.006666666666666667, 0.006666666666666667, 0.006666666666666667, 0.006666666666666667, 0.006666666666666667, 0.006648426160506538, 0.006535429172649973, 0.006666666666666667, 0.006666666666666667, 0.006534571856934236, 0.006666666666666667, 0.006666666666666667, 0.006666666666666667, 0.006666666666666667, 0.0, 0.006666666666666667]]
[[["L", "L"], ["D", "D"]], [0.006666666666666667, 0.006666666666666667, 0.006666666666666667, 0.006666666666666667, 0.006666666666666667, 0.006645372441142857, 0.006541520161800692, 0.006666666666666667, 0.006666666666666667, 0.0065311919840744265, 0.006666666666666667, 0.006666666666666667, 0.0, 0.006666666666666667, 0.006666666666666667, 0.006666666666666667]]
[[["R", "R"], ["D", "D"]], [0.006666666666666667, 0.006666666666666667, 0.006666666666666667, 0.006666666666666667, 0.006666666666666667, 0.006666666666666667, 0.006530524964981126, 0.006666666666666667, 0.006666666666666667, 0.006544859719424149, 0.006646961051726089, 0.006666666666666667, 0.006666666666666667, 0.006666666666666667, 0.006666666666666667, 0.0]]
[[["L", "R"], ["D", "D"]], [0.006666666666666667, 0.006666666666666667, 0.006666666666666667, 0.006666666666666667, 0.006666666666666667, 0.006666666666666667, 0.0065331386353966675, 0.006666666666666667, 0.006666666666666667, 0.0065375486318615394, 0.006646708930061565, 0.006666666666666667, 0.006666666666666667, 0.0, 0.006666666666666667, 0.006666666666666667]]
[[["R", "R"], ["D", "C"]], [0.006666666666666667, 0.006666666666666667, 0.006666666666666667, 0.006666666666666667, 0.006666666666666667, 0.0066959460475068565, 0.00678690699121982, 0.006666666666666667, 0.006666666666666667, 0.006800496029532583, 0.006671006601449217, 0.0, 0.006666666666666667, 0.006666666666666667, 0.006666666666666667, 0.006666666666666667]]
[[["L", "L"], ["D", "C"]], [0.006666666666666667, 0.006666666666666667, 0.006666666666666667, 0.006666666666666667, 0.006666666666666667, 0.006640658348103281, 0.006547047031400889, 0.006666666666666667, 0.0, 0.006534679283599001, 0.006661684726707201, 0.006666666666666667, 0.006666666666666667, 0.006666666666666667, 0.006666666666666667, 0.006666666666666667]]
[[["L", "L"], ["C", "C"]], [0.0, 0.006666666666666667, 0.006666666666666667, 0.006666666666666667, 0.006666666666666667, 0.006666666666666667, 0.006799697303411422, 0.006666666666666667, 0.006666666666666667, 0.00679239390831844, 0.0066876690951688435, 0.006666666666666667, 0.006666666666666667, 0.006666666666666667, 0.006666666666666667, 0.006666666666666667]]
[[["R", "R"], ["C", "D"]], [0.006666666666666667, 0.006666666666666667, 0.006666666666666667, 0.006666666666666667, 0.006666666666666667, 0.006662057725171743, 0.006537729689048642, 0.0, 0.006666666666666667, 0.006545485477255132, 0.006636939703924563, 0.006666666666666667, 0.006666666666666667, 0.006666666666666667, 0.006666666666666667, 0.006666666666666667]]
[[["L", "L"], ["C", "D"]], [0.006666666666666667, 0.006666666666666667, 0.006666666666666667, 0.006666666666666667, 0.0, 0.006671215428976424, 0.0068009491428522705, 0.006666666666666667, 0.006666666666666667, 0.006788152261024537, 0.006690682319739049, 0.006666666666666667, 0.006666666666666667, 0.006666666666666667, 0.006666666666666667, 0.006666666666666667]]
[[["R", "R"], ["C", "C"]], [0.006666666666666667, 0.006666666666666667, 0.006666666666666667, 0.0, 0.006666666666666667, 0.006688594642556407, 0.006791483231793434, 0.006666666666666667, 0.006666666666666667, 0.006806180697929292, 0.006666666666666667, 0.006666666666666667, 0.006666666666666667, 0.006666666666666667, 0.006666666666666667, 0.006666666666666667]]
[[["R", "L"], ["C", "C"]], [0.006666666666666667, 0.006666666666666667, 0.0, 0.006666666666666667, 0.006666666666666667, 0.00668555899498079, 0.006795807332670561, 0.006666666666666667, 0.006666666666666667, 0.006800994049055227, 0.006666666666666667, 0.006666666666666667, 0.006666666666666667, 0.006666666666666667, 0.006666666666666667, 0.006666666666666667]]
[[["L", "R"], ["C", "C"]], [0.006666666666666667, 0.0, 0.006666666666666667, 0.006666666666666667, 0.006666666666666667, 0.006666666666666667, 0.0068011063286899515, 0.006666666666666667, 0.006666666666666667, 0.006796599708713523, 0.006685705797455016, 0.006666666666666667, 0.006666666666666667, 0.006666666666666667, 0.006666666666666667, 0.006666666666666667]]
[[["R", "L"], ["D", "C"]], [0.006618556637285842, 0.006621941807408769, 0.006622577220173355, 0.006623970418573765, 0.006611748786794285, 0.006667718284997378, 0.0066689612819394025, 0.006719576857201803, 0.006717935085921626, 0.006665654948500111, 0.0, 0.006610916543908634, 0.006716052873466982, 0.006707786905244062, 0.00670614736280029, 0.006707426825357912]]
[[["L", "R"], ["D", "C"]], [0.006558249816854152, 0.0065579760166723, 0.006561619685862854, 0.006559690533181708, 0.006563444249454066, 0.006665329424041449, 0.006666775358459289, 0.006769812389546929, 0.006765756592798878, 0.0, 0.006669649107963294, 0.00656448506075223, 0.006770108781149408, 0.006772875119751488, 0.0067771983639644375, 0.006772412145379649]]
[[["L", "R"], ["C", "D"]], [0.00662335633514594, 0.0066187412302581945, 0.00661927801631411, 0.006628079885232647, 0.006621259460528293, 0.0, 0.006669343701866695, 0.00671747758429642, 0.006726351799475703, 0.006660998616980404, 0.006666837474304223, 0.006607308404878176, 0.006712136394904244, 0.006706766062930455, 0.006708145513593266, 0.006717121414480418]]
[[["R", "L"], ["C", "D"]], [0.006561560287567371, 0.006559106528074989, 0.006561308230706615, 0.00655594869475803, 0.006573221768447015, 0.0066653983057363975, 0.0, 0.006769556025664026, 0.006769118489683528, 0.006666237063060849, 0.00667224083553298, 0.006563141881354195, 0.006769136963561945, 0.006769936820907102, 0.006767959598609491, 0.006772379420544268]]
