[[["L", "L"], ["C", "C"]], [0.0, 0.006666666666666667, 0.006666666666666667, 0.006666666666666667, 0.006666666666666667, 0.006667028333066175, 0.013405150681003957, 0.014736737623451523, 0.014736737623451523, 0.012784847884799107, 0.007557038937948695, 0.006666666666666667, 0.014736737623451523, 0.014736737623451523, 0.014736737623451523, 0.014736737623451523]]
[[["L", "R"], ["C", "C"]], [0.006666666666666667, 0.0, 0.006666666666666667, 0.006666666666666667, 0.006666666666666667, 0.00666701713852736, 0.013216522962920927, 0.014736737623451523, 0.014736737623451523, 0.012893792156180988, 0.00739974479431763, 0.006666666666666667, 0.014736737623451523, 0.014736737623451523, 0.014736737623451523, 0.014736737623451523]]
[[["R", "L"], ["C", "C"]], [0.006666666666666667, 0.006666666666666667, 0.0, 0.006666666666666667, 0.006666666666666667, 0.007398649123179493, 0.012926745294649213, 0.014736737623451523, 0.014736737623451523, 0.013319671842107958, 0.006667046975286131, 0.006666666666666667, 0.014736737623451523, 0.014736737623451523, 0.014736737623451523, 0.014736737623451523]]
[[["L", "L"], ["D", "D"]], [0.0022599519096468098, 0.0022599519096468098, 0.0022599519096468098, 0.0022599519096468098, 0.0022599519096468098, 0.005716171992589105, 0.0030207180639668075, 0.006666666666666667, 0.006666666666666667, 0.0027907070934113515, 0.006666349736707085, 0.0022599519096468098, 0.0, 0.006666666666666667, 0.006666666666666667, 0.006666666666666667]]
[[["R", "R"], ["D", "C"]], [0.006666666666666667, 0.006666666666666667, 0.006666666666666667, 0.006666666666666667, 0.006666666666666667, 0.007677512513588029, 0.01240023245642801, 0.014736737623451523, 0.014736737623451523, 0.013161789092056286, 0.006836074634116386, 0.0, 0.014736737623451523, 0.014736737623451523, 0.014736737623451523, 0.014736737623451523]]
[[["R", "L"], ["D", "D"]], [0.0022599519096468098, 0.0022599519096468098, 0.0022599519096468098, 0.0022599519096468098, 0.0022599519096468098, 0.005884965827947417, 0.0029128753233206655, 0.006666666666666667, 0.006666666666666667, 0.0028500725469600254, 0.006666357190312664, 0.0022599519096468098, 0.006666666666666667, 0.006666666666666667, 0.0, 0.006666666666666667]]
[[["L", "R"], ["D", "D"]], [0.0022599519096468098, 0.0022599519096468098, 0.0022599519096468098, 0.0022599519096468098, 0.0022599519096468098, 0.006666353464446243, 0.002875269265774584, 0.006666666666666667, 0.006666666666666667, 0.0030115567040993876, 0.005898590726870689, 0.0022599519096468098, 0.006666666666666667, 0.0, 0.006666666666666667, 0.006666666666666667]]
[[["L", "L"], ["D", "C"]], [0.0022599519096468098, 0.0022599519096468098, 0.0022599519096468098, 0.0022599519096468098, 0.0022599519096468098, 0.0056727357828840405, 0.0031563484176329666, 0.006666666666666667, 0.0, 0.002879509944278986, 0.006496456858412664, 0.0022599519096468098, 0.006666666666666667, 0.006666666666666667, 0.006666666666666667, 0.006666666666666667]]
[[["L", "L"], ["C", "D"]], [0.006666666666666667, 0.006666666666666667, 0.006666666666666667, 0.006666666666666667, 0.0, 0.006840694682115086, 0.01299989032147822, 0.014736737623451523, 0.014736737623451523, 0.012539332576631297, 0.007695992354373399, 0.006666666666666667, 0.014736737623451523, 0.014736737623451523, 0.014736737623451523, 0.014736737623451523]]
[[["R", "R"], ["C", "D"]], [0.0022599519096468098, 0.0022599519096468098, 0.0022599519096468098, 0.0022599519096468098, 0.0022599519096468098, 0.006511672400182064, 0.0027976765455533245, 0.0, 0.006666666666666667, 0.003130818398289466, 0.005619864807533782, 0.0022599519096468098, 0.006666666666666667, 0.006666666666666667, 0.006666666666666667, 0.006666666666666667]]
[[["R", "R"], ["C", "C"]], [0.006666666666666667, 0.006666666666666667, 0.006666666666666667, 0.0, 0.006666666666666667, 0.007517973396176899, 0.012787753248895832, 0.014736737623451523, 0.014736737623451523, 0.013228897076245305, 0.006667050703805209, 0.006666666666666667, 0.014736737623451523, 0.014736737623451523, 0.014736737623451523, 0.014736737623451523]]
[[["R", "R"], ["D", "D"]], [0.0022599519096468098, 0.0022599519096468098, 0.0022599519096468098, 0.0022599519096468098, 0.0022599519096468098, 0.006666338549448192, 0.0028140103804628162, 0.006666666666666667, 0.006666666666666667, 0.0030482079734772257, 0.0057615520882724714, 0.0022599519096468098, 0.006666666666666667, 0.006666666666666667, 0.006666666666666667, 0.0]]
[[["L", "R"], ["C", "D"]], [0.004902203120018535, 0.004770137200746128, 0.004913456908480368, 0.005159898042544455, 0.0044619711171765145, 0.0, 0.00635816659406822, 0.008138150457895768, 0.0089359257346503, 0.0063618151064269365, 0.006666235298058611, 0.004669475496894194, 0.008207972367685726, 0.008454741755204265, 0.008399494789910728, 0.008316789415007634]]
[[["R", "L"], ["D", "C"]], [0.004919607136412677, 0.004840355523800168, 0.0048543471243043005, 0.005102200651250106, 0.004585370166469655, 0.006666154486816879, 0.006290927885842388, 0.008746790004479178, 0.0084244821959283, 0.006438963347830705, 0.0, 0.004603270709401148, 0.008278534237002132, 0.008540730914939529, 0.008166639403254818, 0.00821585753719314]]
[[["R", "L"], ["C", "D"]], [0.0032544163417983826, 0.0032555083209150773, 0.003327184811113403, 0.0031721245418515954, 0.003465488006411108, 0.006532457609291688, 0.0, 0.010932997712039056, 0.011181693839264274, 0.006662766828872638, 0.006666250250620764, 0.003507557280958159, 0.011280264090664462, 0.011147890249479023, 0.011333255677640212, 0.011459482824578251]]
[[["L", "R"], ["D", "C"]], [0.0033300766207082773, 0.003195956387073792, 0.0033428427713360037, 0.003176743254104702, 0.0033448377477754625, 0.006333101843655979, 0.006663696345111206, 0.01093639302825974, 0.01101687546755763, 0.0, 0.006285606667337569, 0.0033570447243371337, 0.01112980572408847, 0.01134299161573327, 0.01125892835505924, 0.01132164704672698]]
