(0, 0)((0, 0), (0, 0)) : 0.008795000854675885
(0, 0)((0, 0), (0, 1)) : 0.053634455046018256
(0, 0)((0, 0), (1, 0)) : 0.0033739004087363386
(0, 0)((0, 0), (1, 1)) : 0.008771066208841279
(0, 0)((0, 1), (0, 0)) : 0.008795000854666621
(0, 0)((0, 1), (0, 1)) : 0.053634455045961496
(0, 0)((0, 1), (1, 0)) : 0.0033739004087335865
(0, 0)((0, 1), (1, 1)) : 0.00877106620884179
(0, 0)((1, 0), (0, 0)) : 0.008795000854665846
(0, 0)((1, 0), (0, 1)) : 0.0536344550459602
(0, 0)((1, 0), (1, 0)) : 0.003373900408733625
(0, 0)((1, 0), (1, 1)) : 0.008771066208841403
(0, 0)((1, 1), (0, 0)) : 0.008795000854665606
(0, 0)((1, 1), (0, 1)) : 0.05363445504596053
(0, 0)((1, 1), (1, 0)) : 0.0033739004087332872
(0, 0)((1, 1), (1, 1)) : 0.008771066208841166
(0, 1)((0, 0), (0, 0)) : 0.009728739022193967
(0, 1)((0, 0), (0, 1)) : 0.0058602285092054195
(0, 1)((0, 0), (1, 0)) : 0.008100849750621912
(0, 1)((0, 0), (1, 1)) : 0.0117891644712772
(0, 1)((0, 1), (0, 0)) : 0.00849843666827585
(0, 1)((0, 1), (0, 1)) : 0.014276645518708156
(0, 1)((0, 1), (1, 0)) : 0.011250469571217347
(0, 1)((0, 1), (1, 1)) : 0.023277153615483707
(0, 1)((1, 0), (0, 0)) : 0.020609208586908397
(0, 1)((1, 0), (0, 1)) : 0.011250469571217793
(0, 1)((1, 0), (1, 0)) : 0.014276645518709568
(0, 1)((1, 0), (1, 1)) : 0.016993018275976032
(0, 1)((1, 1), (0, 0)) : 0.012383401428559428
(0, 1)((1, 1), (0, 1)) : 0.0165716053813009
(0, 1)((1, 1), (1, 0)) : 0.00710559928619937
(0, 1)((1, 1), (1, 1)) : 0.009730674751289643
(1, 0)((0, 0), (0, 0)) : 0.009728739022193678
(1, 0)((0, 0), (0, 1)) : 0.020609208586905403
(1, 0)((0, 0), (1, 0)) : 0.00849843666827641
(1, 0)((0, 0), (1, 1)) : 0.012383401428562653
(1, 0)((0, 1), (0, 0)) : 0.00810084975062117
(1, 0)((0, 1), (0, 1)) : 0.014276645518710168
(1, 0)((0, 1), (1, 0)) : 0.011250469571220206
(1, 0)((0, 1), (1, 1)) : 0.007105599286200531
(1, 0)((1, 0), (0, 0)) : 0.005860228509206042
(1, 0)((1, 0), (0, 1)) : 0.011250469571217368
(1, 0)((1, 0), (1, 0)) : 0.01427664551871116
(1, 0)((1, 0), (1, 1)) : 0.016571605381300255
(1, 0)((1, 1), (0, 0)) : 0.011789164471276637
(1, 0)((1, 1), (0, 1)) : 0.01699301827595901
(1, 0)((1, 1), (1, 0)) : 0.023277153615507373
(1, 0)((1, 1), (1, 1)) : 0.009730674751289388
(1, 1)((0, 0), (0, 0)) : 0.008795000854665004
(1, 1)((0, 0), (0, 1)) : 0.008795000854664803
(1, 1)((0, 0), (1, 0)) : 0.008795000854664803
(1, 1)((0, 0), (1, 1)) : 0.008795000854664746
(1, 1)((0, 1), (0, 0)) : 0.0033739004087322676
(1, 1)((0, 1), (0, 1)) : 0.0033739004087322676
(1, 1)((0, 1), (1, 0)) : 0.003373900408732272
(1, 1)((0, 1), (1, 1)) : 0.0033739004087323205
(1, 1)((1, 0), (0, 0)) : 0.053634455045967706
(1, 1)((1, 0), (0, 1)) : 0.053634455045967755
(1, 1)((1, 0), (1, 0)) : 0.05363445504596791
(1, 1)((1, 0), (1, 1)) : 0.05363445504596787
(1, 1)((1, 1), (0, 0)) : 0.008771066208840361
(1, 1)((1, 1), (0, 1)) : 0.008771066208840361
(1, 1)((1, 1), (1, 0)) : 0.008771066208840226
(1, 1)((1, 1), (1, 1)) : 0.008771066208840226