(0, 0)((0, 0), (0, 0)) : 0.023993555792958234
(0, 0)((0, 0), (0, 1)) : 0.03390318793051916
(0, 0)((0, 0), (1, 0)) : 0.00561116798619072
(0, 0)((0, 0), (1, 1)) : 0.0026804673380388696
(0, 0)((0, 1), (0, 0)) : 0.023993555792958227
(0, 0)((0, 1), (0, 1)) : 0.03390318793051918
(0, 0)((0, 1), (1, 0)) : 0.005611167986190749
(0, 0)((0, 1), (1, 1)) : 0.002680467338038871
(0, 0)((1, 0), (0, 0)) : 0.02399355579295823
(0, 0)((1, 0), (0, 1)) : 0.033903187930519184
(0, 0)((1, 0), (1, 0)) : 0.005611167986190752
(0, 0)((1, 0), (1, 1)) : 0.002680467338038871
(0, 0)((1, 1), (0, 0)) : 0.02399355579295823
(0, 0)((1, 1), (0, 1)) : 0.03390318793051917
(0, 0)((1, 1), (1, 0)) : 0.0056111679861907526
(0, 0)((1, 1), (1, 1)) : 0.0026804673380388722
(0, 1)((0, 0), (0, 0)) : 0.03909094388782344
(0, 1)((0, 0), (0, 1)) : 0.016330538916664954
(0, 1)((0, 0), (1, 0)) : 0.022713209581736248
(0, 1)((0, 0), (1, 1)) : 0.019582977510240754
(0, 1)((0, 1), (0, 0)) : 0.016050588708181213
(0, 1)((0, 1), (0, 1)) : 0.01502703916335178
(0, 1)((0, 1), (1, 0)) : 0.010663807169951666
(0, 1)((0, 1), (1, 1)) : 0.013277956545069459
(0, 1)((1, 0), (0, 0)) : 0.02966289457316303
(0, 1)((1, 0), (0, 1)) : 0.010663807169951595
(0, 1)((1, 0), (1, 0)) : 0.015027039163351743
(0, 1)((1, 0), (1, 1)) : 0.010040750685486367
(0, 1)((1, 1), (0, 0)) : 0.007163062794196749
(0, 1)((1, 1), (0, 1)) : 0.005176830919327958
(0, 1)((1, 1), (1, 0)) : 0.0028236566447001005
(0, 1)((1, 1), (1, 1)) : 0.0019513803759749683
(1, 0)((0, 0), (0, 0)) : 0.039090943887823464
(1, 0)((0, 0), (0, 1)) : 0.0296628945731631
(1, 0)((0, 0), (1, 0)) : 0.01605058870818119
(1, 0)((0, 0), (1, 1)) : 0.007163062794196741
(1, 0)((0, 1), (0, 0)) : 0.022713209581736275
(1, 0)((0, 1), (0, 1)) : 0.015027039163351756
(1, 0)((0, 1), (1, 0)) : 0.010663807169951607
(1, 0)((0, 1), (1, 1)) : 0.0028236566447001027
(1, 0)((1, 0), (0, 0)) : 0.016330538916664937
(1, 0)((1, 0), (0, 1)) : 0.010663807169951628
(1, 0)((1, 0), (1, 0)) : 0.015027039163351734
(1, 0)((1, 0), (1, 1)) : 0.005176830919327972
(1, 0)((1, 1), (0, 0)) : 0.019582977510240785
(1, 0)((1, 1), (0, 1)) : 0.010040750685486375
(1, 0)((1, 1), (1, 0)) : 0.013277956545069467
(1, 0)((1, 1), (1, 1)) : 0.0019513803759749666
(1, 1)((0, 0), (0, 0)) : 0.02399355579295821
(1, 1)((0, 0), (0, 1)) : 0.02399355579295821
(1, 1)((0, 0), (1, 0)) : 0.02399355579295821
(1, 1)((0, 0), (1, 1)) : 0.02399355579295821
(1, 1)((0, 1), (0, 0)) : 0.005611167986190755
(1, 1)((0, 1), (0, 1)) : 0.005611167986190755
(1, 1)((0, 1), (1, 0)) : 0.005611167986190755
(1, 1)((0, 1), (1, 1)) : 0.005611167986190755
(1, 1)((1, 0), (0, 0)) : 0.03390318793051914
(1, 1)((1, 0), (0, 1)) : 0.03390318793051914
(1, 1)((1, 0), (1, 0)) : 0.03390318793051914
(1, 1)((1, 0), (1, 1)) : 0.033903187930519156
(1, 1)((1, 1), (0, 0)) : 0.0026804673380388705
(1, 1)((1, 1), (0, 1)) : 0.002680467338038879
(1, 1)((1, 1), (1, 0)) : 0.0026804673380388822
(1, 1)((1, 1), (1, 1)) : 0.0026804673380388822