[[["L", "L"], ["C", "C"]], [0.0, 0.006666666666666667, 0.006666666666666667, 0.006666666666666667, 0.006666666666666667, 0.0071941932087414605, 0.0013687967766230266, 0.003467441994660038, 0.003467441994660038, 0.0014203833702514494, 0.0073806082343281405, 0.006666666666666667, 0.003467441994660038, 0.003467441994660038, 0.003467441994660038, 0.003467441994660038]]
[[["L", "L"], ["C", "D"]], [0.006666666666666667, 0.006666666666666667, 0.006666666666666667, 0.006666666666666667, 0.0, 0.008234575067735764, 0.0015707583767244804, 0.003467441994660038, 0.003467441994660038, 0.0015400344159030195, 0.008252430219691683, 0.006666666666666667, 0.003467441994660038, 0.003467441994660038, 0.003467441994660038, 0.003467441994660038]]
[[["L", "R"], ["C", "C"]], [0.006666666666666667, 0.0, 0.006666666666666667, 0.006666666666666667, 0.006666666666666667, 0.007243697690564585, 0.0013969282243372543, 0.003467441994660038, 0.003467441994660038, 0.001400908720227944, 0.007241986971965127, 0.006666666666666667, 0.003467441994660038, 0.003467441994660038, 0.003467441994660038, 0.003467441994660038]]
[[["R", "L"], ["C", "C"]], [0.006666666666666667, 0.006666666666666667, 0.0, 0.006666666666666667, 0.006666666666666667, 0.007243177072845016, 0.001416689411323672, 0.003467441994660038, 0.003467441994660038, 0.00141690144390863, 0.007231200181716635, 0.006666666666666667, 0.003467441994660038, 0.003467441994660038, 0.003467441994660038, 0.003467441994660038]]
[[["R", "R"], ["C", "C"]], [0.006666666666666667, 0.006666666666666667, 0.006666666666666667, 0.0, 0.006666666666666667, 0.007307237708267665, 0.0013956743287106379, 0.003467441994660038, 0.003467441994660038, 0.001384162505195105, 0.007253715877120389, 0.006666666666666667, 0.003467441994660038, 0.003467441994660038, 0.003467441994660038, 0.003467441994660038]]
[[["L", "L"], ["D", "C"]], [0.0034674419946600353, 0.0034674419946600353, 0.0034674419946600353, 0.0034674419946600353, 0.0034674419946600353, 0.008246132700719453, 0.0014851247628844472, 0.006666666666666667, 0.0, 0.0015002905078083596, 0.008095525233072907, 0.0034674419946600353, 0.006666666666666667, 0.006666666666666667, 0.006666666666666667, 0.006666666666666667]]
[[["R", "R"], ["C", "D"]], [0.0034674419946600353, 0.0034674419946600353, 0.0034674419946600353, 0.0034674419946600353, 0.0034674419946600353, 0.008261298034573147, 0.0015274709156673095, 0.0, 0.006666666666666667, 0.0015301539170618401, 0.008264710319361233, 0.0034674419946600353, 0.006666666666666667, 0.006666666666666667, 0.006666666666666667, 0.006666666666666667]]
[[["R", "R"], ["D", "C"]], [0.006666666666666667, 0.006666666666666667, 0.006666666666666667, 0.006666666666666667, 0.006666666666666667, 0.008262981334020595, 0.0015914146185898538, 0.003467441994660038, 0.003467441994660038, 0.0015949466731223537, 0.008176724729464657, 0.0, 0.003467441994660038, 0.003467441994660038, 0.003467441994660038, 0.003467441994660038]]
[[["L", "L"], ["D", "D"]], [0.0034674419946600353, 0.0034674419946600353, 0.0034674419946600353, 0.0034674419946600353, 0.0034674419946600353, 0.007318238966628399, 0.0013465030131940277, 0.006666666666666667, 0.006666666666666667, 0.0013087855416444225, 0.007202460082143531, 0.0034674419946600353, 0.0, 0.006666666666666667, 0.006666666666666667, 0.006666666666666667]]
[[["L", "R"], ["D", "D"]], [0.0034674419946600353, 0.0034674419946600353, 0.0034674419946600353, 0.0034674419946600353, 0.0034674419946600353, 0.007117061829139803, 0.0013093389886684437, 0.006666666666666667, 0.006666666666666667, 0.0013449835804152572, 0.007311582333410819, 0.0034674419946600353, 0.006666666666666667, 0.0, 0.006666666666666667, 0.006666666666666667]]
[[["R", "R"], ["D", "D"]], [0.0034674419946600353, 0.0034674419946600353, 0.0034674419946600353, 0.0034674419946600353, 0.0034674419946600353, 0.007192940497002625, 0.0013356315817584616, 0.006666666666666667, 0.006666666666666667, 0.0013195075407607922, 0.007233601276449135, 0.0034674419946600353, 0.006666666666666667, 0.006666666666666667, 0.006666666666666667, 0.0]]
[[["R", "L"], ["D", "D"]], [0.0034674419946600353, 0.0034674419946600353, 0.0034674419946600353, 0.0034674419946600353, 0.0034674419946600353, 0.007257182502372133, 0.00131790585996358, 0.006666666666666667, 0.006666666666666667, 0.0012943864421989131, 0.007158785149417554, 0.0034674419946600353, 0.006666666666666667, 0.006666666666666667, 0.0, 0.006666666666666667]]
[[["R", "L"], ["D", "C"]], [0.003977158094212397, 0.00389093235250883, 0.0037250622314476877, 0.003919653458536364, 0.0028770295060122375, 0.006659670485211096, 0.0008658918802074434, 0.003035624575071384, 0.0030632688632899747, 0.0008632331342197071, 0.0, 0.0030280578863147727, 0.0040065951867964454, 0.0037695349116819896, 0.003955297899915529, 0.004144893734595549]]
[[["L", "R"], ["C", "D"]], [0.0036860981009312556, 0.0037713411733820905, 0.00395567617403457, 0.004050098229907678, 0.002986681311252986, 0.0, 0.000864289127822143, 0.0030651483382024727, 0.003193036826158871, 0.0008658438864318826, 0.0066613803313760375, 0.002933238473776939, 0.003834137189152272, 0.0037747746650695865, 0.004081067928250533, 0.0041070301016517055]]
[[["L", "R"], ["D", "C"]], [0.01549471421261596, 0.015028271369871785, 0.015407103433291096, 0.015058866490447251, 0.013755907909288378, 0.022492532476838176, 0.006670914304793496, 0.014266297117322828, 0.014371319623020141, 0.0, 0.022476127718125898, 0.013997707397112369, 0.015246316765013873, 0.015416250529452091, 0.01492983824400158, 0.015270943101062142]]
[[["R", "L"], ["C", "D"]], [0.015110769780444578, 0.01472684643976828, 0.015211128945640116, 0.015261369182636418, 0.013833021467758616, 0.02246703891054946, 0.0, 0.014273914187033854, 0.014458158801433951, 0.0066687349938396295, 0.022480308302278575, 0.013512486180821922, 0.01529677912062088, 0.015033852759192898, 0.01493685952219513, 0.014928171983320443]]
