[[["L", "L"], ["C", "D"]], [0.006666666666666667, 0.006666666666666667, 0.006666666666666667, 0.006666666666666667, 0.0, 0.006459485848037498, 0.0013829594725579715, 0.003467441994660038, 0.003467441994660038, 0.0013819753090048915, 0.006467641926729527, 0.006666666666666667, 0.003467441994660038, 0.003467441994660038, 0.003467441994660038, 0.003467441994660038]]
[[["R", "R"], ["C", "C"]], [0.006666666666666667, 0.006666666666666667, 0.006666666666666667, 0.0, 0.006666666666666667, 0.006667267538294338, 0.0012259142262475338, 0.003467441994660038, 0.003467441994660038, 0.0012292068380037838, 0.006662836650713008, 0.006666666666666667, 0.003467441994660038, 0.003467441994660038, 0.003467441994660038, 0.003467441994660038]]
[[["L", "L"], ["D", "C"]], [0.0034674419946600353, 0.0034674419946600353, 0.0034674419946600353, 0.0034674419946600353, 0.0034674419946600353, 0.00824151491921679, 0.001883174215490169, 0.006666666666666667, 0.0, 0.0018822199837953085, 0.008243258160850636, 0.0034674419946600353, 0.006666666666666667, 0.006666666666666667, 0.006666666666666667, 0.006666666666666667]]
[[["L", "L"], ["D", "D"]], [0.0034674419946600353, 0.0034674419946600353, 0.0034674419946600353, 0.0034674419946600353, 0.0034674419946600353, 0.007642212758712557, 0.001461234799617256, 0.006666666666666667, 0.006666666666666667, 0.0014594911809502667, 0.007638114160177408, 0.0034674419946600353, 0.0, 0.006666666666666667, 0.006666666666666667, 0.006666666666666667]]
[[["L", "L"], ["C", "C"]], [0.0, 0.006666666666666667, 0.006666666666666667, 0.006666666666666667, 0.006666666666666667, 0.006669956925649826, 0.0012358722596778893, 0.003467441994660038, 0.003467441994660038, 0.0012286181902830516, 0.006663384583374662, 0.006666666666666667, 0.003467441994660038, 0.003467441994660038, 0.003467441994660038, 0.003467441994660038]]
[[["R", "R"], ["D", "C"]], [0.006666666666666667, 0.006666666666666667, 0.006666666666666667, 0.006666666666666667, 0.006666666666666667, 0.006472371983469278, 0.0013835289301047204, 0.003467441994660038, 0.003467441994660038, 0.0013896398025545036, 0.006460983116863872, 0.0, 0.003467441994660038, 0.003467441994660038, 0.003467441994660038, 0.003467441994660038]]
[[["L", "R"], ["C", "C"]], [0.006666666666666667, 0.0, 0.006666666666666667, 0.006666666666666667, 0.006666666666666667, 0.006662298088314882, 0.0012283746156023841, 0.003467441994660038, 0.003467441994660038, 0.0012271464408618558, 0.006678558163847412, 0.006666666666666667, 0.003467441994660038, 0.003467441994660038, 0.003467441994660038, 0.003467441994660038]]
[[["R", "R"], ["C", "D"]], [0.0034674419946600353, 0.0034674419946600353, 0.0034674419946600353, 0.0034674419946600353, 0.0034674419946600353, 0.008240704318269317, 0.0018829646593979828, 0.0, 0.006666666666666667, 0.0018820963389956436, 0.008242482855403778, 0.0034674419946600353, 0.006666666666666667, 0.006666666666666667, 0.006666666666666667, 0.006666666666666667]]
[[["R", "L"], ["C", "C"]], [0.006666666666666667, 0.006666666666666667, 0.0, 0.006666666666666667, 0.006666666666666667, 0.006658096256725537, 0.0012288113865564724, 0.003467441994660038, 0.003467441994660038, 0.0012307528286244834, 0.006671634147078951, 0.006666666666666667, 0.003467441994660038, 0.003467441994660038, 0.003467441994660038, 0.003467441994660038]]
[[["R", "R"], ["D", "D"]], [0.0034674419946600353, 0.0034674419946600353, 0.0034674419946600353, 0.0034674419946600353, 0.0034674419946600353, 0.007639652370348074, 0.0014593335384584364, 0.006666666666666667, 0.006666666666666667, 0.0014595799898551119, 0.007639672287012736, 0.0034674419946600353, 0.006666666666666667, 0.006666666666666667, 0.006666666666666667, 0.0]]
[[["R", "L"], ["D", "D"]], [0.0034674419946600353, 0.0034674419946600353, 0.0034674419946600353, 0.0034674419946600353, 0.0034674419946600353, 0.0076422607423737455, 0.0014615780947260315, 0.006666666666666667, 0.006666666666666667, 0.0014584238791832506, 0.007642803406326649, 0.0034674419946600353, 0.006666666666666667, 0.006666666666666667, 0.0, 0.006666666666666667]]
[[["L", "R"], ["D", "D"]], [0.0034674419946600353, 0.0034674419946600353, 0.0034674419946600353, 0.0034674419946600353, 0.0034674419946600353, 0.0076379919449868685, 0.0014644459229247514, 0.006666666666666667, 0.006666666666666667, 0.0014592574451889617, 0.007642674483729617, 0.0034674419946600353, 0.006666666666666667, 0.0, 0.006666666666666667, 0.006666666666666667]]
[[["L", "R"], ["C", "D"]], [0.006701655774288082, 0.006709518014605181, 0.006703412359709165, 0.006696760699322163, 0.006253131729031288, 0.0, 0.004229108904129347, 0.007707540157604292, 0.007708242060388523, 0.004233742966716958, 0.00653440127065366, 0.006249478760547617, 0.0076996473201636235, 0.00769319012853452, 0.007691797372187473, 0.007693341657105593]]
[[["R", "L"], ["D", "C"]], [0.006703273744106312, 0.006696437554018523, 0.006702634347502536, 0.006695973819765071, 0.006253925740330382, 0.006537207366906243, 0.004236484942106184, 0.0077077792965162106, 0.007705340304169519, 0.0042332007311810345, 0.0, 0.006251551709619368, 0.007693622473422247, 0.007692736171292688, 0.00769255979440187, 0.007693428404664685]]
[[["R", "L"], ["C", "D"]], [0.010723269199949982, 0.010724503952452615, 0.010735971310072142, 0.010723325871094787, 0.010173455500979386, 0.009289633850320878, 0.0, 0.009663586439683668, 0.009665776012212567, 0.006807312292387845, 0.009300688212720688, 0.010169859326631668, 0.009749555531565476, 0.009747940110628774, 0.009746964780251725, 0.009743651330252978]]
[[["L", "R"], ["D", "C"]], [0.01073197761407141, 0.010732555578581373, 0.010723504142505298, 0.010722825177650809, 0.010168794091948506, 0.009306830733338076, 0.006816441590972361, 0.009666854697380132, 0.009665275613481293, 0.0, 0.009297862821372897, 0.0101832259811196, 0.009745876073888994, 0.009744661263015276, 0.009748001266398706, 0.009746400930761245]]
