[1, 1, 1, 1, 1]  :  0.05236777
[1, 0, 1, 1, 1]  :  0.05236777
[0, 1, 1, 1, 1]  :  0.05236777
[0, 0, 1, 1, 1]  :  0.05236777
[1, 1, 1, 1, 0]  :  0.04121664
[1, 0, 1, 1, 0]  :  0.02666998
[0, 1, 1, 1, 0]  :  0.01079884
[0, 0, 1, 1, 0]  :  0.03626062
[1, 1, 1, 0, 1]  :  0.03429393
[1, 0, 1, 0, 1]  :  0.00449471
[0, 1, 1, 0, 1]  :  0.00449471
[0, 0, 1, 0, 1]  :  0.03429393
[1, 1, 1, 0, 0]  :  0.03941714
[1, 0, 1, 0, 0]  :  0.0085399
[0, 1, 1, 0, 0]  :  0.01349778
[0, 0, 1, 0, 0]  :  0.03709291
[1, 1, 0, 1, 1]  :  0.03626062
[1, 0, 0, 1, 1]  :  0.01079884
[0, 1, 0, 1, 1]  :  0.02666998
[0, 0, 0, 1, 1]  :  0.04121664
[1, 1, 0, 1, 0]  :  0.03584183
[1, 0, 0, 1, 0]  :  0.0306395
[0, 1, 0, 1, 0]  :  0.0306395
[0, 0, 0, 1, 0]  :  0.03584183
[1, 1, 0, 0, 1]  :  0.03709291
[1, 0, 0, 0, 1]  :  0.01349778
[0, 1, 0, 0, 1]  :  0.0085399
[0, 0, 0, 0, 1]  :  0.03941714
[1, 1, 0, 0, 0]  :  0.03825033
[1, 0, 0, 0, 0]  :  0.03825033
[0, 1, 0, 0, 0]  :  0.03825033
[0, 0, 0, 0, 0]  :  0.03825033