[1, 1, 1, 1, 1, 1, 1]  :  0.00283841
[1, 0, 1, 1, 1, 1, 1]  :  0.00283841
[0, 1, 1, 1, 1, 1, 1]  :  0.00283841
[0, 0, 1, 1, 1, 1, 1]  :  0.00283841
[1, 1, 1, 1, 1, 1, 0]  :  0.0021634
[1, 0, 1, 1, 1, 1, 0]  :  0.03874377
[0, 1, 1, 1, 1, 1, 0]  :  0.00147501
[0, 0, 1, 1, 1, 1, 0]  :  0.01434811
[1, 1, 1, 1, 1, 0, 1]  :  0.00170586
[1, 0, 1, 1, 1, 0, 1]  :  0.00212336
[0, 1, 1, 1, 1, 0, 1]  :  0.00094946
[0, 0, 1, 1, 1, 0, 1]  :  0.00130332
[1, 1, 1, 1, 1, 0, 0]  :  0.00178017
[1, 0, 1, 1, 1, 0, 0]  :  0.01771833
[0, 1, 1, 1, 1, 0, 0]  :  0.00176588
[0, 0, 1, 1, 1, 0, 0]  :  0.01516996
[1, 1, 1, 1, 0, 1, 1]  :  0.00148644
[1, 0, 1, 1, 0, 1, 1]  :  0.00158833
[0, 1, 1, 1, 0, 1, 1]  :  0.00158833
[0, 0, 1, 1, 0, 1, 1]  :  0.00148644
[1, 1, 1, 1, 0, 1, 0]  :  0.00132696
[1, 0, 1, 1, 0, 1, 0]  :  0.01143881
[0, 1, 1, 1, 0, 1, 0]  :  0.00137256
[0, 0, 1, 1, 0, 1, 0]  :  0.01394941
[1, 1, 1, 1, 0, 0, 1]  :  0.00135397
[1, 0, 1, 1, 0, 0, 1]  :  0.00114722
[0, 1, 1, 1, 0, 0, 1]  :  0.00079303
[0, 0, 1, 1, 0, 0, 1]  :  0.00107551
[1, 1, 1, 1, 0, 0, 0]  :  0.00152938
[1, 0, 1, 1, 0, 0, 0]  :  0.00780778
[0, 1, 1, 1, 0, 0, 0]  :  0.00228381
[0, 0, 1, 1, 0, 0, 0]  :  0.01602517
[1, 1, 1, 0, 1, 1, 1]  :  0.00130332
[1, 0, 1, 0, 1, 1, 1]  :  0.00094946
[0, 1, 1, 0, 1, 1, 1]  :  0.00212336
[0, 0, 1, 0, 1, 1, 1]  :  0.00170586
[1, 1, 1, 0, 1, 1, 0]  :  0.0011316
[1, 0, 1, 0, 1, 1, 0]  :  0.00772647
[0, 1, 1, 0, 1, 1, 0]  :  0.00125277
[0, 0, 1, 0, 1, 1, 0]  :  0.01374846
[1, 1, 1, 0, 1, 0, 1]  :  0.00101441
[1, 0, 1, 0, 1, 0, 1]  :  0.00074799
[0, 1, 1, 0, 1, 0, 1]  :  0.00074799
[0, 0, 1, 0, 1, 0, 1]  :  0.00101441
[1, 1, 1, 0, 1, 0, 0]  :  0.00105257
[1, 0, 1, 0, 1, 0, 0]  :  0.00543529
[0, 1, 1, 0, 1, 0, 0]  :  0.00177923
[0, 0, 1, 0, 1, 0, 0]  :  0.01492591
[1, 1, 1, 0, 0, 1, 1]  :  0.00107551
[1, 0, 1, 0, 0, 1, 1]  :  0.00079303
[0, 1, 1, 0, 0, 1, 1]  :  0.00114722
[0, 0, 1, 0, 0, 1, 1]  :  0.00135397
[1, 1, 1, 0, 0, 1, 0]  :  0.00101149
[1, 0, 1, 0, 0, 1, 0]  :  0.00543121
[0, 1, 1, 0, 0, 1, 0]  :  0.0014647
[0, 0, 1, 0, 0, 1, 0]  :  0.01424529
[1, 1, 1, 0, 0, 0, 1]  :  0.00111432
[1, 0, 1, 0, 0, 0, 1]  :  0.00091695
[0, 1, 1, 0, 0, 0, 1]  :  0.00091695
[0, 0, 1, 0, 0, 0, 1]  :  0.00111432
[1, 1, 1, 0, 0, 0, 0]  :  0.00129599
[1, 0, 1, 0, 0, 0, 0]  :  0.00497482
[0, 1, 1, 0, 0, 0, 0]  :  0.0029514
[0, 0, 1, 0, 0, 0, 0]  :  0.01684603
[1, 1, 0, 1, 1, 1, 1]  :  0.01434811
[1, 0, 0, 1, 1, 1, 1]  :  0.00147501
[0, 1, 0, 1, 1, 1, 1]  :  0.03874377
[0, 0, 0, 1, 1, 1, 1]  :  0.0021634
[1, 1, 0, 1, 1, 1, 0]  :  0.0139304
[1, 0, 0, 1, 1, 1, 0]  :  0.01545957
[0, 1, 0, 1, 1, 1, 0]  :  0.01545957
[0, 0, 0, 1, 1, 1, 0]  :  0.0139304
[1, 1, 0, 1, 1, 0, 1]  :  0.01374846
[1, 0, 0, 1, 1, 0, 1]  :  0.00125277
[0, 1, 0, 1, 1, 0, 1]  :  0.00772647
[0, 0, 0, 1, 1, 0, 1]  :  0.0011316
[1, 1, 0, 1, 1, 0, 0]  :  0.01402757
[1, 0, 0, 1, 1, 0, 0]  :  0.01109513
[0, 1, 0, 1, 1, 0, 0]  :  0.01495749
[0, 0, 0, 1, 1, 0, 0]  :  0.01493567
[1, 1, 0, 1, 0, 1, 1]  :  0.01394941
[1, 0, 0, 1, 0, 1, 1]  :  0.00137256
[0, 1, 0, 1, 0, 1, 1]  :  0.01143881
[0, 0, 0, 1, 0, 1, 1]  :  0.00132696
[1, 1, 0, 1, 0, 1, 0]  :  0.01384975
[1, 0, 0, 1, 0, 1, 0]  :  0.01128568
[0, 1, 0, 1, 0, 1, 0]  :  0.01128568
[0, 0, 0, 1, 0, 1, 0]  :  0.01384975
[1, 1, 0, 1, 0, 0, 1]  :  0.01424529
[1, 0, 0, 1, 0, 0, 1]  :  0.0014647
[0, 1, 0, 1, 0, 0, 1]  :  0.00543121
[0, 0, 0, 1, 0, 0, 1]  :  0.00101149
[1, 1, 0, 1, 0, 0, 0]  :  0.01483754
[1, 0, 0, 1, 0, 0, 0]  :  0.01287827
[0, 1, 0, 1, 0, 0, 0]  :  0.01515769
[0, 0, 0, 1, 0, 0, 0]  :  0.01597355
[1, 1, 0, 0, 1, 1, 1]  :  0.01516996
[1, 0, 0, 0, 1, 1, 1]  :  0.00176588
[0, 1, 0, 0, 1, 1, 1]  :  0.01771833
[0, 0, 0, 0, 1, 1, 1]  :  0.00178017
[1, 1, 0, 0, 1, 1, 0]  :  0.01493567
[1, 0, 0, 0, 1, 1, 0]  :  0.01495749
[0, 1, 0, 0, 1, 1, 0]  :  0.01109513
[0, 0, 0, 0, 1, 1, 0]  :  0.01402757
[1, 1, 0, 0, 1, 0, 1]  :  0.01492591
[1, 0, 0, 0, 1, 0, 1]  :  0.00177923
[0, 1, 0, 0, 1, 0, 1]  :  0.00543529
[0, 0, 0, 0, 1, 0, 1]  :  0.00105257
[1, 1, 0, 0, 1, 0, 0]  :  0.01530742
[1, 0, 0, 0, 1, 0, 0]  :  0.0137654
[0, 1, 0, 0, 1, 0, 0]  :  0.0137654
[0, 0, 0, 0, 1, 0, 0]  :  0.01530742
[1, 1, 0, 0, 0, 1, 1]  :  0.01602517
[1, 0, 0, 0, 0, 1, 1]  :  0.00228381
[0, 1, 0, 0, 0, 1, 1]  :  0.00780778
[0, 0, 0, 0, 0, 1, 1]  :  0.00152938
[1, 1, 0, 0, 0, 1, 0]  :  0.01597355
[1, 0, 0, 0, 0, 1, 0]  :  0.01515769
[0, 1, 0, 0, 0, 1, 0]  :  0.01287827
[0, 0, 0, 0, 0, 1, 0]  :  0.01483754
[1, 1, 0, 0, 0, 0, 1]  :  0.01684603
[1, 0, 0, 0, 0, 0, 1]  :  0.0029514
[0, 1, 0, 0, 0, 0, 1]  :  0.00497482
[0, 0, 0, 0, 0, 0, 1]  :  0.00129599
[1, 1, 0, 0, 0, 0, 0]  :  0.01768506
[1, 0, 0, 0, 0, 0, 0]  :  0.01768506
[0, 1, 0, 0, 0, 0, 0]  :  0.01768506
[0, 0, 0, 0, 0, 0, 0]  :  0.01768506
