[1, 1, 1, 1, 1, 1]  :  0.03251572
[1, 0, 1, 1, 1, 1]  :  0.03251572
[0, 1, 1, 1, 1, 1]  :  0.03251572
[0, 0, 1, 1, 1, 1]  :  0.03251572
[1, 1, 1, 1, 1, 0]  :  0.02123926
[1, 0, 1, 1, 1, 0]  :  0.0254623
[0, 1, 1, 1, 1, 0]  :  0.00570807
[0, 0, 1, 1, 1, 0]  :  0.01929565
[1, 1, 1, 1, 0, 1]  :  0.01685969
[1, 0, 1, 1, 0, 1]  :  0.00538372
[0, 1, 1, 1, 0, 1]  :  0.00261821
[0, 0, 1, 1, 0, 1]  :  0.0158686
[1, 1, 1, 1, 0, 0]  :  0.0199323
[1, 0, 1, 1, 0, 0]  :  0.00762415
[0, 1, 1, 1, 0, 0]  :  0.00692382
[0, 0, 1, 1, 0, 0]  :  0.02011434
[1, 1, 1, 0, 1, 1]  :  0.0158686
[1, 0, 1, 0, 1, 1]  :  0.00261821
[0, 1, 1, 0, 1, 1]  :  0.00538372
[0, 0, 1, 0, 1, 1]  :  0.01685969
[1, 1, 1, 0, 1, 0]  :  0.01385492
[1, 0, 1, 0, 1, 0]  :  0.00604864
[0, 1, 1, 0, 1, 0]  :  0.00506582
[0, 0, 1, 0, 1, 0]  :  0.01880372
[1, 1, 1, 0, 0, 1]  :  0.01552803
[1, 0, 1, 0, 0, 1]  :  0.00237534
[0, 1, 1, 0, 0, 1]  :  0.00237534
[0, 0, 1, 0, 0, 1]  :  0.01552803
[1, 1, 1, 0, 0, 0]  :  0.01928904
[1, 0, 1, 0, 0, 0]  :  0.00581924
[0, 1, 1, 0, 0, 0]  :  0.00869858
[0, 0, 1, 0, 0, 0]  :  0.02094614
[1, 1, 0, 1, 1, 1]  :  0.01929565
[1, 0, 0, 1, 1, 1]  :  0.00570807
[0, 1, 0, 1, 1, 1]  :  0.0254623
[0, 0, 0, 1, 1, 1]  :  0.02123926
[1, 1, 0, 1, 1, 0]  :  0.01890634
[1, 0, 0, 1, 1, 0]  :  0.01488796
[0, 1, 0, 1, 1, 0]  :  0.01488796
[0, 0, 0, 1, 1, 0]  :  0.01890634
[1, 1, 0, 1, 0, 1]  :  0.01880372
[1, 0, 0, 1, 0, 1]  :  0.00506582
[0, 1, 0, 1, 0, 1]  :  0.00604864
[0, 0, 0, 1, 0, 1]  :  0.01385492
[1, 1, 0, 1, 0, 0]  :  0.01927731
[1, 0, 0, 1, 0, 0]  :  0.01673325
[0, 1, 0, 1, 0, 0]  :  0.01789118
[0, 0, 0, 1, 0, 0]  :  0.01994314
[1, 1, 0, 0, 1, 1]  :  0.02011434
[1, 0, 0, 0, 1, 1]  :  0.00692382
[0, 1, 0, 0, 1, 1]  :  0.00762415
[0, 0, 0, 0, 1, 1]  :  0.0199323
[1, 1, 0, 0, 1, 0]  :  0.01994314
[1, 0, 0, 0, 1, 0]  :  0.01789118
[0, 1, 0, 0, 1, 0]  :  0.01673325
[0, 0, 0, 0, 1, 0]  :  0.01927731
[1, 1, 0, 0, 0, 1]  :  0.02094614
[1, 0, 0, 0, 0, 1]  :  0.00869858
[0, 1, 0, 0, 0, 1]  :  0.00581924
[0, 0, 0, 0, 0, 1]  :  0.01928904
[1, 1, 0, 0, 0, 0]  :  0.02193491
[1, 0, 0, 0, 0, 0]  :  0.02193491
[0, 1, 0, 0, 0, 0]  :  0.02193491
[0, 0, 0, 0, 0, 0]  :  0.02193491